,mass A,,
t,x,y,
0.000,0.107,-1.249E-2
0.017,0.107,-1.235E-2
0.033,0.107,-1.314E-2
0.050,0.107,-1.504E-2
0.067,0.107,-1.793E-2
0.083,0.108,-2.181E-2
0.100,0.108,-2.636E-2
0.117,0.108,-3.156E-2
0.133,0.108,-3.738E-2
0.150,0.107,-4.326E-2
0.167,0.107,-4.890E-2
0.183,0.107,-5.398E-2
0.200,0.106,-5.838E-2
0.217,0.106,-6.203E-2
0.233,0.105,-6.458E-2
0.250,0.104,-6.598E-2
0.267,0.104,-6.583E-2
0.283,0.103,-6.416E-2
0.300,0.102,-6.150E-2
0.317,0.102,-5.766E-2
0.333,0.101,-5.307E-2
0.350,0.101,-4.805E-2
0.367,0.101,-4.246E-2
0.383,0.101,-3.682E-2
0.400,0.101,-3.119E-2
0.417,0.101,-2.585E-2
0.433,0.100,-2.157E-2
0.450,0.100,-1.788E-2
0.467,0.101,-1.499E-2
0.483,0.101,-1.322E-2
0.500,0.101,-1.200E-2
0.517,0.102,-1.220E-2
0.533,0.102,-1.340E-2
0.550,0.103,-1.569E-2
0.567,0.103,-1.876E-2
0.583,0.104,-2.275E-2
0.600,0.104,-2.751E-2
0.617,0.105,-3.305E-2
0.633,0.106,-3.881E-2
0.650,0.106,-4.495E-2
0.667,0.106,-5.058E-2
0.683,0.107,-5.569E-2
0.700,0.108,-5.995E-2
0.717,0.108,-6.335E-2
0.733,0.108,-6.565E-2
0.750,0.108,-6.675E-2
0.767,0.108,-6.624E-2
0.783,0.108,-6.430E-2
0.800,0.108,-6.124E-2
0.817,0.107,-5.702E-2
0.833,0.106,-5.227E-2
0.850,0.106,-4.683E-2
0.867,0.105,-4.121E-2
0.883,0.105,-3.535E-2
0.900,0.104,-2.965E-2
0.917,0.104,-2.440E-2
0.933,0.103,-2.025E-2
0.950,0.102,-1.716E-2
0.967,0.102,-1.471E-2
0.983,0.101,-1.325E-2
1.000,0.101,-1.253E-2
1.017,0.101,-1.316E-2
1.033,0.101,-1.468E-2
1.050,0.101,-1.708E-2
1.067,0.100,-2.071E-2
1.083,0.100,-2.513E-2
1.100,0.100,-3.008E-2
1.117,0.100,-3.515E-2
1.133,0.101,-4.060E-2
1.150,0.102,-4.603E-2
1.167,0.102,-5.135E-2
1.183,0.102,-5.593E-2
1.200,0.103,-5.983E-2
1.217,0.104,-6.248E-2
1.233,0.105,-6.421E-2
1.250,0.106,-6.456E-2
1.267,0.106,-6.377E-2
1.283,0.107,-6.147E-2
1.300,0.107,-5.811E-2
1.317,0.108,-5.392E-2
1.333,0.108,-4.896E-2
1.350,0.108,-4.388E-2
1.367,0.108,-3.847E-2
1.383,0.108,-3.320E-2
1.400,0.108,-2.807E-2
1.417,0.108,-2.349E-2
1.433,0.108,-1.961E-2
1.450,0.108,-1.647E-2
1.467,0.107,-1.384E-2
1.483,0.107,-1.384E-2
1.500,0.107,-1.388E-2
1.517,0.106,-1.481E-2
1.533,0.106,-1.685E-2
1.550,0.106,-1.983E-2
1.567,0.106,-2.370E-2
1.583,0.106,-2.839E-2
1.600,0.105,-3.353E-2
1.617,0.105,-3.921E-2
1.634,0.104,-4.464E-2
1.650,0.104,-4.985E-2
1.667,0.104,-5.469E-2
1.684,0.103,-5.875E-2
1.700,0.103,-6.208E-2
1.717,0.103,-6.442E-2
1.734,0.102,-6.539E-2
1.750,0.102,-6.495E-2
1.767,0.102,-6.320E-2
1.784,0.102,-6.037E-2
1.800,0.102,-5.668E-2
1.817,0.102,-5.220E-2
1.834,0.102,-4.721E-2
1.850,0.103,-4.167E-2
1.867,0.103,-3.628E-2
1.884,0.103,-3.117E-2
1.900,0.103,-2.638E-2
1.917,0.104,-2.203E-2
1.934,0.104,-1.852E-2
1.950,0.105,-1.600E-2
1.967,0.105,-1.448E-2
1.984,0.106,-1.383E-2
2.000,0.106,-1.434E-2
2.017,0.106,-1.586E-2
2.034,0.106,-1.826E-2
2.050,0.107,-2.178E-2
2.067,0.107,-2.617E-2
2.084,0.108,-3.107E-2
2.100,0.108,-3.655E-2
2.117,0.108,-4.218E-2
2.134,0.108,-4.791E-2
2.150,0.108,-5.292E-2
2.167,0.108,-5.731E-2
2.184,0.108,-6.109E-2
2.200,0.108,-6.392E-2
2.217,0.107,-6.549E-2
2.234,0.107,-6.584E-2
2.250,0.106,-6.476E-2
2.267,0.106,-6.244E-2
2.284,0.105,-5.901E-2
2.300,0.104,-5.484E-2
2.317,0.103,-4.995E-2
2.334,0.103,-4.481E-2
2.350,0.102,-3.933E-2
2.367,0.102,-3.391E-2
2.384,0.102,-2.855E-2
2.400,0.101,-2.382E-2
2.417,0.101,-1.991E-2
2.434,0.101,-1.675E-2
2.450,0.101,-1.450E-2
2.467,0.101,-1.318E-2
2.484,0.101,-1.295E-2
2.500,0.101,-1.385E-2
2.517,0.101,-1.575E-2
2.534,0.102,-1.845E-2
2.550,0.102,-2.226E-2
2.567,0.102,-2.676E-2
2.584,0.102,-3.069E-2
2.600,0.103,-3.617E-2
2.617,0.104,-4.171E-2
2.634,0.104,-4.737E-2
2.650,0.104,-5.246E-2
2.667,0.105,-5.686E-2
2.684,0.106,-6.039E-2
2.700,0.107,-6.297E-2
2.717,0.107,-6.438E-2
2.734,0.108,-6.447E-2
2.750,0.108,-6.319E-2
2.767,0.108,-6.048E-2
2.784,0.108,-5.701E-2
2.800,0.108,-5.257E-2
2.817,0.107,-4.767E-2
2.834,0.107,-4.238E-2
2.850,0.106,-3.702E-2
2.867,0.106,-3.173E-2
2.884,0.106,-2.653E-2
2.900,0.105,-2.206E-2
2.917,0.105,-1.854E-2
2.934,0.104,-1.595E-2
2.950,0.104,-1.423E-2
2.967,0.103,-1.364E-2
2.984,0.103,-1.389E-2
3.000,0.102,-1.501E-2
3.017,0.102,-1.723E-2
3.034,0.102,-2.013E-2
3.050,0.102,-2.390E-2
3.067,0.101,-2.890E-2
3.084,0.101,-3.389E-2
3.100,0.101,-3.915E-2
3.117,0.101,-4.425E-2
3.134,0.101,-4.942E-2
3.150,0.101,-5.422E-2
3.167,0.101,-5.812E-2
3.184,0.101,-6.116E-2
3.200,0.102,-6.299E-2
3.217,0.103,-6.363E-2
3.234,0.103,-6.307E-2
3.250,0.103,-6.130E-2
3.267,0.104,-5.834E-2
3.284,0.104,-5.460E-2
3.300,0.105,-5.012E-2
3.317,0.105,-4.510E-2
3.334,0.105,-4.015E-2
3.350,0.106,-3.496E-2
3.367,0.106,-2.989E-2
3.384,0.106,-2.525E-2
3.400,0.106,-2.141E-2
3.417,0.106,-1.812E-2
3.434,0.107,-1.591E-2
3.450,0.107,-1.472E-2
3.467,0.106,-1.456E-2
3.484,0.106,-1.514E-2
3.500,0.106,-1.686E-2
3.517,0.107,-1.939E-2
3.534,0.107,-2.282E-2
3.550,0.107,-2.694E-2
3.567,0.106,-3.173E-2
3.584,0.106,-3.698E-2
3.600,0.106,-4.222E-2
3.617,0.105,-4.736E-2
3.634,0.105,-5.205E-2
3.650,0.105,-5.643E-2
3.667,0.104,-5.974E-2
3.684,0.104,-6.226E-2
3.700,0.103,-6.347E-2
3.717,0.103,-6.346E-2
3.734,0.102,-6.212E-2
3.750,0.102,-5.969E-2
3.767,0.101,-5.617E-2
3.784,0.101,-5.196E-2
3.800,0.101,-4.719E-2
3.817,0.101,-4.227E-2
3.834,0.101,-3.683E-2
3.850,0.101,-3.165E-2
3.867,0.101,-2.690E-2
3.884,0.101,-2.272E-2
3.900,0.101,-1.916E-2
3.917,0.102,-1.660E-2
3.934,0.102,-1.488E-2
3.950,0.102,-1.400E-2
3.967,0.103,-1.410E-2
3.984,0.103,-1.520E-2
4.000,0.103,-1.717E-2
4.017,0.104,-2.010E-2
4.034,0.105,-2.391E-2
4.050,0.105,-2.840E-2
4.067,0.106,-3.368E-2
4.084,0.106,-3.910E-2
4.100,0.107,-4.457E-2
4.117,0.107,-4.975E-2
4.134,0.107,-5.453E-2
4.150,0.108,-5.852E-2
4.167,0.108,-6.156E-2
4.184,0.108,-6.365E-2
4.200,0.108,-6.438E-2
4.217,0.107,-6.384E-2
4.234,0.107,-6.185E-2
4.250,0.107,-5.894E-2
4.267,0.106,-5.511E-2
4.284,0.105,-5.049E-2
4.300,0.104,-4.552E-2
4.317,0.104,-4.029E-2
4.334,0.104,-3.494E-2
4.350,0.103,-2.977E-2
4.367,0.103,-2.500E-2
4.384,0.102,-2.121E-2
4.400,0.101,-1.817E-2
4.417,0.101,-1.574E-2
4.434,0.101,-1.427E-2
4.450,0.101,-1.395E-2
4.467,0.101,-1.437E-2
4.484,0.101,-1.574E-2
4.500,0.101,-1.827E-2
4.517,0.100,-2.125E-2
4.534,0.100,-2.540E-2
4.550,0.101,-3.003E-2
4.567,0.101,-3.501E-2
4.584,0.102,-4.024E-2
4.600,0.102,-4.563E-2
4.617,0.102,-5.063E-2
4.634,0.103,-5.503E-2
4.650,0.103,-5.877E-2
4.667,0.104,-6.145E-2
4.684,0.105,-6.316E-2
4.700,0.106,-6.365E-2
4.717,0.106,-6.268E-2
4.734,0.106,-6.067E-2
4.750,0.107,-5.763E-2
4.767,0.107,-5.376E-2
4.784,0.107,-4.917E-2
4.801,0.107,-4.418E-2
4.817,0.107,-3.924E-2
4.834,0.107,-3.395E-2
4.851,0.107,-2.909E-2
4.867,0.107,-2.464E-2
4.884,0.107,-2.082E-2
4.901,0.106,-1.786E-2
4.917,0.106,-1.585E-2
4.934,0.105,-1.488E-2
4.951,0.105,-1.483E-2
4.967,0.105,-1.562E-2
4.984,0.105,-1.730E-2
5.001,0.104,-2.016E-2
5.017,0.104,-2.355E-2
5.034,0.104,-2.768E-2
5.051,0.103,-3.258E-2
5.067,0.103,-3.769E-2
5.084,0.103,-4.268E-2
5.101,0.102,-4.778E-2
5.117,0.102,-5.234E-2
5.134,0.102,-5.641E-2
5.151,0.102,-5.955E-2
5.167,0.102,-6.179E-2
5.184,0.102,-6.271E-2
5.201,0.102,-6.248E-2
5.217,0.102,-6.107E-2
5.234,0.102,-5.845E-2
5.251,0.102,-5.503E-2
5.267,0.103,-5.089E-2
5.284,0.103,-4.614E-2
5.301,0.103,-4.139E-2
5.317,0.104,-3.633E-2
5.334,0.104,-3.153E-2
5.351,0.104,-2.707E-2
5.367,0.104,-2.313E-2
5.384,0.105,-1.962E-2
5.401,0.105,-1.730E-2
5.417,0.105,-1.571E-2
5.434,0.106,-1.522E-2
5.451,0.106,-1.554E-2
5.467,0.106,-1.695E-2
5.484,0.106,-1.921E-2
5.501,0.107,-2.220E-2
5.517,0.107,-2.612E-2
5.534,0.107,-3.070E-2
5.551,0.107,-3.567E-2
5.567,0.107,-4.085E-2
5.584,0.107,-4.606E-2
5.601,0.107,-5.071E-2
5.617,0.107,-5.480E-2
5.634,0.107,-5.830E-2
5.651,0.106,-6.092E-2
5.667,0.106,-6.247E-2
5.684,0.105,-6.276E-2
5.701,0.104,-6.180E-2
5.717,0.104,-5.963E-2
5.734,0.103,-5.661E-2
5.751,0.102,-5.276E-2
5.767,0.102,-4.830E-2
5.784,0.102,-4.337E-2
5.801,0.102,-3.826E-2
5.817,0.101,-3.338E-2
5.834,0.101,-2.854E-2
5.851,0.101,-2.427E-2
5.867,0.101,-2.058E-2
5.884,0.101,-1.789E-2
5.901,0.101,-1.626E-2
5.917,0.101,-1.498E-2
5.934,0.101,-1.477E-2
5.951,0.102,-1.548E-2
5.967,0.102,-1.718E-2
5.984,0.102,-1.977E-2
6.001,0.103,-2.300E-2
6.017,0.103,-2.715E-2
6.034,0.104,-3.210E-2
6.051,0.104,-3.721E-2
6.067,0.105,-4.249E-2
6.084,0.105,-4.769E-2
6.101,0.106,-5.249E-2
6.117,0.106,-5.665E-2
6.134,0.107,-5.981E-2
6.151,0.107,-6.227E-2
6.167,0.107,-6.344E-2
6.184,0.108,-6.329E-2
6.201,0.108,-6.195E-2
6.217,0.107,-5.954E-2
6.234,0.107,-5.603E-2
6.251,0.107,-5.193E-2
6.267,0.106,-4.727E-2
6.284,0.106,-4.213E-2
6.301,0.106,-3.720E-2
6.317,0.105,-3.198E-2
6.334,0.105,-2.720E-2
6.351,0.104,-2.330E-2
6.367,0.104,-1.987E-2
6.384,0.103,-1.740E-2
6.401,0.103,-1.572E-2
6.417,0.102,-1.494E-2
6.434,0.102,-1.531E-2
6.451,0.102,-1.636E-2
6.467,0.102,-1.823E-2
6.484,0.101,-2.097E-2
6.501,0.101,-2.481E-2
6.517,0.101,-2.887E-2
6.534,0.101,-3.389E-2
6.551,0.101,-3.874E-2
6.567,0.101,-4.398E-2
6.584,0.101,-4.866E-2
6.601,0.102,-5.310E-2
6.617,0.102,-5.685E-2
6.634,0.103,-5.976E-2
6.651,0.103,-6.165E-2
6.667,0.104,-6.245E-2
6.684,0.104,-6.200E-2
6.701,0.105,-6.030E-2
6.717,0.105,-5.766E-2
6.734,0.106,-5.408E-2
6.751,0.106,-5.005E-2
6.767,0.106,-4.540E-2
6.784,0.106,-4.055E-2
6.801,0.106,-3.566E-2
6.817,0.107,-3.082E-2
6.834,0.107,-2.654E-2
6.851,0.107,-2.282E-2
6.867,0.107,-1.979E-2
6.884,0.107,-1.752E-2
6.901,0.106,-1.620E-2
6.917,0.106,-1.588E-2
6.934,0.106,-1.635E-2
6.951,0.106,-1.791E-2
6.967,0.106,-2.014E-2
6.984,0.106,-2.324E-2
7.001,0.105,-2.713E-2
7.017,0.105,-3.158E-2
7.034,0.105,-3.622E-2
7.051,0.105,-4.129E-2
7.067,0.104,-4.610E-2
7.084,0.104,-5.063E-2
7.101,0.104,-5.475E-2
7.117,0.103,-5.805E-2
7.134,0.103,-6.044E-2
7.151,0.103,-6.167E-2
7.167,0.103,-6.167E-2
7.184,0.102,-6.055E-2
7.201,0.102,-5.825E-2
7.217,0.102,-5.518E-2
7.234,0.102,-5.138E-2
7.251,0.102,-4.707E-2
7.267,0.102,-4.262E-2
7.284,0.102,-3.764E-2
7.301,0.102,-3.286E-2
7.317,0.102,-2.839E-2
7.334,0.103,-2.450E-2
7.351,0.103,-2.118E-2
7.367,0.103,-1.878E-2
7.384,0.104,-1.698E-2
7.401,0.104,-1.618E-2
7.417,0.104,-1.624E-2
7.434,0.104,-1.716E-2
7.451,0.105,-1.904E-2
7.467,0.105,-2.183E-2
7.484,0.106,-2.548E-2
7.501,0.106,-2.975E-2
7.517,0.106,-3.451E-2
7.534,0.107,-3.933E-2
7.551,0.107,-4.431E-2
7.567,0.107,-4.900E-2
7.584,0.107,-5.340E-2
7.601,0.107,-5.704E-2
7.617,0.107,-5.980E-2
7.634,0.107,-6.162E-2
7.651,0.107,-6.226E-2
7.667,0.106,-6.173E-2
7.684,0.106,-5.996E-2
7.701,0.105,-5.723E-2
7.717,0.104,-5.379E-2
7.734,0.104,-4.956E-2
7.751,0.103,-4.495E-2
7.767,0.103,-4.011E-2
7.784,0.102,-3.516E-2
7.801,0.102,-3.058E-2
7.817,0.102,-2.642E-2
7.834,0.101,-2.271E-2
7.851,0.101,-1.970E-2
7.867,0.101,-1.763E-2
7.884,0.101,-1.613E-2
7.901,0.101,-1.564E-2
7.917,0.101,-1.609E-2
7.934,0.101,-1.749E-2
7.951,0.101,-1.951E-2
7.968,0.101,-2.264E-2
7.984,0.102,-2.628E-2
8.001,0.102,-3.075E-2
8.018,0.102,-3.548E-2
8.034,0.103,-4.046E-2
8.051,0.103,-4.550E-2
8.068,0.104,-5.025E-2
8.084,0.104,-5.433E-2
8.101,0.105,-5.786E-2
8.118,0.106,-6.051E-2
8.134,0.106,-6.209E-2
8.151,0.107,-6.237E-2
8.168,0.107,-6.158E-2
8.184,0.107,-5.966E-2
8.201,0.107,-5.667E-2
8.218,0.107,-5.296E-2
8.234,0.107,-4.860E-2
8.251,0.107,-4.398E-2
8.268,0.107,-3.904E-2
8.284,0.106,-3.412E-2
8.301,0.106,-2.953E-2
8.318,0.106,-2.543E-2
8.334,0.105,-2.192E-2
8.351,0.105,-1.924E-2
8.368,0.104,-1.731E-2
8.384,0.104,-1.636E-2
8.401,0.104,-1.626E-2
8.418,0.103,-1.715E-2
8.434,0.103,-1.855E-2
8.451,0.103,-2.094E-2
8.468,0.103,-2.418E-2
8.484,0.102,-2.800E-2
8.501,0.102,-3.230E-2
8.518,0.102,-3.703E-2
8.534,0.102,-4.188E-2
8.551,0.102,-4.649E-2
8.568,0.102,-5.102E-2
8.584,0.102,-5.485E-2
8.601,0.102,-5.791E-2
8.618,0.102,-6.000E-2
8.634,0.103,-6.121E-2
8.651,0.103,-6.106E-2
8.668,0.103,-5.981E-2
8.684,0.103,-5.760E-2
8.701,0.104,-5.439E-2
8.718,0.104,-5.062E-2
8.734,0.104,-4.628E-2
8.751,0.104,-4.186E-2
8.768,0.105,-3.711E-2
8.784,0.105,-3.238E-2
8.801,0.105,-2.821E-2
8.818,0.106,-2.439E-2
8.834,0.106,-2.118E-2
8.851,0.106,-1.886E-2
8.868,0.106,-1.740E-2
8.884,0.106,-1.671E-2
8.901,0.106,-1.689E-2
8.918,0.106,-1.808E-2
8.934,0.106,-1.997E-2
8.951,0.106,-2.271E-2
8.968,0.106,-2.639E-2
8.984,0.106,-3.048E-2
9.001,0.106,-3.500E-2
9.018,0.106,-3.965E-2
9.034,0.106,-4.439E-2
9.051,0.106,-4.883E-2
9.068,0.105,-5.280E-2
9.084,0.105,-5.618E-2
9.101,0.105,-5.882E-2
9.118,0.104,-6.029E-2
9.134,0.104,-6.067E-2
9.151,0.103,-5.990E-2
9.168,0.103,-5.804E-2
9.184,0.102,-5.536E-2
9.201,0.102,-5.191E-2
9.218,0.102,-4.793E-2
9.234,0.102,-4.337E-2
9.251,0.102,-3.871E-2
9.268,0.102,-3.431E-2
9.284,0.102,-2.992E-2
9.301,0.102,-2.597E-2
9.318,0.102,-2.238E-2
9.334,0.102,-1.992E-2
9.351,0.102,-1.797E-2
9.368,0.102,-1.705E-2
9.384,0.103,-1.665E-2
9.401,0.103,-1.750E-2
9.418,0.103,-1.886E-2
9.434,0.104,-2.135E-2
9.451,0.104,-2.444E-2
9.468,0.105,-2.844E-2
9.484,0.105,-3.296E-2
9.501,0.105,-3.767E-2
9.518,0.106,-4.252E-2
9.534,0.106,-4.727E-2
9.551,0.107,-5.151E-2
9.568,0.107,-5.532E-2
9.584,0.107,-5.834E-2
9.601,0.107,-6.031E-2
9.618,0.107,-6.137E-2
9.634,0.107,-6.121E-2
9.651,0.107,-5.986E-2
9.668,0.106,-5.756E-2
9.684,0.106,-5.443E-2
9.701,0.105,-5.046E-2
9.718,0.105,-4.614E-2
9.734,0.104,-4.150E-2
9.751,0.104,-3.671E-2
9.768,0.104,-3.227E-2
9.784,0.103,-2.800E-2
9.801,0.103,-2.424E-2
9.818,0.102,-2.119E-2
9.834,0.102,-1.877E-2
9.851,0.102,-1.744E-2
9.868,0.101,-1.679E-2
9.884,0.101,-1.682E-2
9.901,0.101,-1.790E-2
9.918,0.101,-1.960E-2
9.934,0.101,-2.228E-2
9.951,0.101,-2.562E-2
9.968,0.101,-2.953E-2
9.984,0.102,-3.398E-2
10.001,0.102,-3.860E-2
10.018,0.102,-4.347E-2
10.034,0.102,-4.805E-2
10.051,0.103,-5.208E-2
10.068,0.103,-5.576E-2
10.084,0.104,-5.860E-2
10.101,0.104,-6.049E-2
10.118,0.105,-6.120E-2
10.134,0.105,-6.077E-2
10.151,0.106,-5.926E-2
10.168,0.106,-5.677E-2
10.184,0.106,-5.343E-2
10.201,0.106,-4.959E-2
10.218,0.106,-4.533E-2
10.234,0.106,-4.064E-2
10.251,0.106,-3.601E-2
10.268,0.106,-3.136E-2
10.284,0.106,-2.726E-2
10.301,0.106,-2.373E-2
10.318,0.106,-2.074E-2
10.334,0.106,-1.870E-2
10.351,0.105,-1.740E-2
10.368,0.105,-1.701E-2
10.384,0.105,-1.737E-2
10.401,0.105,-1.869E-2
10.418,0.104,-2.069E-2
10.434,0.104,-2.359E-2
10.451,0.104,-2.721E-2
10.468,0.104,-3.115E-2
10.484,0.104,-3.566E-2
10.501,0.103,-4.019E-2
10.518,0.103,-4.486E-2
10.534,0.103,-4.927E-2
10.551,0.103,-5.312E-2
10.568,0.103,-5.612E-2
10.584,0.103,-5.849E-2
10.601,0.103,-5.984E-2
10.618,0.103,-6.001E-2
10.634,0.103,-5.913E-2
10.651,0.103,-5.716E-2
10.668,0.103,-5.444E-2
10.684,0.103,-5.091E-2
10.701,0.103,-4.704E-2
10.718,0.103,-4.273E-2
10.734,0.103,-3.823E-2
10.751,0.104,-3.378E-2
10.768,0.104,-2.957E-2
10.784,0.104,-2.585E-2
10.801,0.104,-2.263E-2
10.818,0.105,-2.016E-2
10.834,0.105,-1.850E-2
10.851,0.105,-1.757E-2
10.868,0.105,-1.751E-2
10.884,0.106,-1.832E-2
10.901,0.106,-1.999E-2
10.918,0.106,-2.237E-2
10.934,0.106,-2.553E-2
10.951,0.106,-2.947E-2
10.968,0.106,-3.378E-2
10.984,0.106,-3.824E-2
11.001,0.106,-4.280E-2
11.018,0.106,-4.722E-2
11.034,0.106,-5.108E-2
11.051,0.106,-5.470E-2
11.068,0.106,-5.746E-2
11.084,0.106,-5.927E-2
11.101,0.105,-6.002E-2
11.118,0.105,-5.958E-2
11.134,0.104,-5.819E-2
11.151,0.104,-5.576E-2
11.168,0.103,-5.245E-2
11.185,0.103,-4.865E-2
11.201,0.103,-4.449E-2
11.218,0.102,-4.009E-2
11.235,0.102,-3.563E-2
11.251,0.102,-3.128E-2
11.268,0.102,-2.748E-2
11.285,0.101,-2.414E-2
11.301,0.101,-2.126E-2
11.318,0.101,-1.926E-2
11.335,0.101,-1.814E-2
11.351,0.102,-1.756E-2
11.368,0.102,-1.793E-2
11.385,0.102,-1.903E-2
11.401,0.102,-2.104E-2
11.418,0.103,-2.409E-2
11.435,0.103,-2.709E-2
11.451,0.103,-3.148E-2
11.468,0.104,-3.643E-2
11.485,0.104,-4.085E-2
11.501,0.105,-4.546E-2
11.518,0.105,-4.911E-2
11.535,0.105,-5.357E-2
11.551,0.106,-5.696E-2
11.568,0.106,-5.881E-2
11.585,0.106,-6.031E-2
11.601,0.107,-6.071E-2
11.618,0.106,-5.958E-2
11.635,0.106,-5.787E-2
11.651,0.106,-5.523E-2
11.668,0.106,-5.159E-2
11.685,0.106,-4.742E-2
11.701,0.105,-4.304E-2
11.718,0.105,-3.867E-2
11.735,0.105,-3.412E-2
11.751,0.105,-2.962E-2
11.768,0.104,-2.617E-2
11.785,0.104,-2.282E-2
11.801,0.104,-2.022E-2
11.818,0.103,-1.844E-2
11.835,0.103,-1.746E-2
11.851,0.103,-1.723E-2
11.868,0.102,-1.784E-2
11.885,0.102,-1.932E-2
11.901,0.102,-2.160E-2
11.918,0.102,-2.456E-2
11.935,0.102,-2.818E-2
11.951,0.102,-3.217E-2
11.968,0.102,-3.684E-2
11.985,0.102,-4.134E-2
12.001,0.102,-4.578E-2
12.018,0.102,-5.002E-2
12.035,0.103,-5.360E-2
12.051,0.103,-5.667E-2
12.068,0.103,-5.879E-2
12.085,0.104,-5.987E-2
12.101,0.104,-5.999E-2
12.118,0.104,-5.895E-2
12.135,0.105,-5.685E-2
12.151,0.105,-5.401E-2
12.168,0.105,-5.043E-2
12.185,0.105,-4.645E-2
12.201,0.105,-4.201E-2
12.218,0.106,-3.767E-2
12.235,0.106,-3.338E-2
12.251,0.106,-2.915E-2
12.268,0.106,-2.555E-2
12.285,0.106,-2.254E-2
12.301,0.106,-2.027E-2
12.318,0.106,-1.877E-2
12.335,0.106,-1.806E-2
12.351,0.106,-1.820E-2
12.368,0.106,-1.907E-2
12.385,0.105,-2.071E-2
12.401,0.105,-2.331E-2
12.418,0.105,-2.645E-2
12.435,0.105,-3.030E-2
12.451,0.105,-3.455E-2
12.468,0.105,-3.884E-2
12.485,0.105,-4.326E-2
12.501,0.104,-4.740E-2
12.518,0.104,-5.129E-2
12.535,0.104,-5.449E-2
12.551,0.104,-5.696E-2
12.568,0.104,-5.855E-2
12.585,0.103,-5.911E-2
12.601,0.103,-5.865E-2
12.618,0.103,-5.714E-2
12.635,0.103,-5.468E-2
12.651,0.103,-5.153E-2
12.668,0.103,-4.785E-2
12.685,0.103,-4.380E-2
12.701,0.103,-3.956E-2
12.718,0.103,-3.526E-2
12.735,0.103,-3.127E-2
12.751,0.103,-2.746E-2
12.768,0.103,-2.420E-2
12.785,0.103,-2.177E-2
12.801,0.103,-1.986E-2
12.818,0.104,-1.876E-2
12.835,0.104,-1.854E-2
12.851,0.104,-1.906E-2
12.868,0.104,-2.039E-2
12.885,0.105,-2.245E-2
12.901,0.105,-2.537E-2
12.918,0.105,-2.875E-2
12.935,0.106,-3.295E-2
12.951,0.106,-3.700E-2
12.968,0.106,-4.155E-2
12.985,0.106,-4.592E-2
13.001,0.106,-4.984E-2
13.018,0.106,-5.325E-2
13.035,0.106,-5.608E-2
13.051,0.106,-5.809E-2
13.068,0.106,-5.912E-2
13.085,0.106,-5.912E-2
13.101,0.105,-5.806E-2
13.118,0.105,-5.604E-2
13.135,0.104,-5.335E-2
13.151,0.104,-4.980E-2
13.168,0.104,-4.588E-2
13.185,0.103,-4.160E-2
13.201,0.103,-3.715E-2
13.218,0.103,-3.305E-2
13.235,0.102,-2.903E-2
13.251,0.102,-2.565E-2
13.268,0.102,-2.283E-2
13.285,0.102,-2.053E-2
13.301,0.101,-1.905E-2
13.318,0.101,-1.831E-2
13.335,0.102,-1.840E-2
13.351,0.102,-1.926E-2
13.368,0.102,-2.085E-2
13.385,0.102,-2.327E-2
13.401,0.102,-2.631E-2
13.418,0.102,-2.993E-2
13.435,0.103,-3.411E-2
13.451,0.103,-3.867E-2
13.468,0.103,-4.306E-2
13.485,0.104,-4.747E-2
13.501,0.104,-5.133E-2
13.518,0.104,-5.461E-2
13.535,0.105,-5.724E-2
13.551,0.105,-5.892E-2
13.568,0.105,-5.963E-2
13.585,0.106,-5.920E-2
13.601,0.106,-5.782E-2
13.618,0.106,-5.537E-2
13.635,0.106,-5.232E-2
13.651,0.106,-4.866E-2
13.668,0.106,-4.478E-2
13.685,0.105,-4.031E-2
13.701,0.105,-3.603E-2
13.718,0.105,-3.181E-2
13.735,0.105,-2.807E-2
13.751,0.105,-2.473E-2
13.768,0.104,-2.199E-2
13.785,0.104,-2.003E-2
13.801,0.104,-1.881E-2
13.818,0.104,-1.841E-2
13.835,0.104,-1.873E-2
13.851,0.103,-1.990E-2
13.868,0.103,-2.147E-2
13.885,0.103,-2.431E-2
13.901,0.103,-2.734E-2
13.918,0.103,-3.125E-2
13.935,0.103,-3.542E-2
13.951,0.103,-3.965E-2
13.968,0.103,-4.412E-2
13.985,0.103,-4.821E-2
14.001,0.103,-5.178E-2
14.018,0.103,-5.490E-2
14.035,0.103,-5.709E-2
14.051,0.103,-5.847E-2
14.068,0.103,-5.892E-2
14.085,0.104,-5.827E-2
14.101,0.104,-5.658E-2
14.118,0.104,-5.418E-2
14.135,0.104,-5.104E-2
14.151,0.104,-4.733E-2
14.168,0.104,-4.332E-2
14.185,0.105,-3.908E-2
14.201,0.105,-3.491E-2
14.218,0.105,-3.085E-2
14.235,0.105,-2.715E-2
14.251,0.105,-2.413E-2
14.268,0.105,-2.161E-2
14.285,0.105,-2.002E-2
14.301,0.105,-1.906E-2
14.318,0.106,-1.890E-2
14.335,0.106,-1.950E-2
14.352,0.106,-2.084E-2
14.368,0.106,-2.306E-2
14.385,0.106,-2.598E-2
14.402,0.106,-2.942E-2
14.418,0.106,-3.327E-2
14.435,0.106,-3.748E-2
14.452,0.106,-4.192E-2
14.468,0.106,-4.587E-2
14.485,0.105,-4.971E-2
14.502,0.105,-5.301E-2
14.518,0.105,-5.563E-2
14.535,0.105,-5.748E-2
14.552,0.104,-5.827E-2
14.568,0.104,-5.803E-2
14.585,0.104,-5.695E-2
14.602,0.103,-5.491E-2
14.618,0.103,-5.202E-2
14.635,0.103,-4.868E-2
14.652,0.103,-4.490E-2
14.668,0.103,-4.074E-2
14.685,0.102,-3.668E-2
14.702,0.102,-3.269E-2
14.718,0.102,-2.888E-2
14.735,0.102,-2.568E-2
14.752,0.102,-2.301E-2
14.768,0.103,-2.103E-2
14.785,0.103,-1.969E-2
14.802,0.103,-1.926E-2
14.818,0.103,-1.952E-2
14.835,0.103,-2.040E-2
14.852,0.104,-2.229E-2
14.868,0.104,-2.476E-2
14.885,0.104,-2.800E-2
14.902,0.105,-3.160E-2
14.918,0.105,-3.575E-2
14.935,0.105,-3.997E-2
14.952,0.105,-4.425E-2
14.968,0.106,-4.813E-2
14.985,0.106,-5.166E-2
15.002,0.106,-5.463E-2
15.018,0.106,-5.683E-2
15.035,0.106,-5.807E-2
15.052,0.106,-5.836E-2
15.068,0.106,-5.774E-2
15.085,0.106,-5.611E-2
15.102,0.105,-5.371E-2
15.118,0.105,-5.063E-2
15.135,0.105,-4.682E-2
15.152,0.104,-4.296E-2
15.168,0.104,-3.877E-2
15.185,0.104,-3.456E-2
15.202,0.104,-3.080E-2
15.218,0.103,-2.711E-2
15.235,0.103,-2.444E-2
15.252,0.103,-2.190E-2
15.268,0.102,-2.022E-2
15.285,0.102,-1.928E-2
15.302,0.102,-1.900E-2
15.318,0.102,-1.954E-2
15.335,0.102,-2.105E-2
15.352,0.102,-2.309E-2
15.368,0.102,-2.580E-2
15.385,0.102,-2.910E-2
15.402,0.102,-3.284E-2
15.418,0.102,-3.705E-2
15.435,0.103,-4.148E-2
15.452,0.103,-4.564E-2
15.468,0.103,-4.963E-2
15.485,0.104,-5.285E-2
15.502,0.104,-5.561E-2
15.518,0.104,-5.763E-2
15.535,0.105,-5.869E-2
15.552,0.105,-5.876E-2
15.568,0.105,-5.772E-2
15.585,0.105,-5.582E-2
15.602,0.105,-5.312E-2
15.618,0.105,-4.971E-2
15.635,0.105,-4.598E-2
15.652,0.105,-4.179E-2
15.668,0.105,-3.767E-2
15.685,0.105,-3.349E-2
15.702,0.105,-2.972E-2
15.718,0.105,-2.637E-2
15.735,0.105,-2.355E-2
15.752,0.105,-2.126E-2
15.768,0.105,-1.999E-2
15.785,0.105,-1.927E-2
15.802,0.105,-1.947E-2
15.818,0.105,-2.008E-2
15.835,0.104,-2.176E-2
15.852,0.104,-2.384E-2
15.868,0.104,-2.685E-2
15.885,0.104,-3.018E-2
15.902,0.104,-3.400E-2
15.918,0.104,-3.821E-2
15.935,0.104,-4.249E-2
15.952,0.104,-4.640E-2
15.968,0.104,-4.996E-2
15.985,0.104,-5.307E-2
16.002,0.104,-5.550E-2
16.018,0.104,-5.713E-2
16.035,0.104,-5.783E-2
16.052,0.104,-5.761E-2
16.068,0.104,-5.629E-2
16.085,0.104,-5.419E-2
16.102,0.104,-5.146E-2
16.118,0.104,-4.818E-2
16.135,0.104,-4.448E-2
16.152,0.104,-4.050E-2
16.168,0.104,-3.644E-2
16.185,0.104,-3.260E-2
16.202,0.104,-2.901E-2
16.218,0.104,-2.579E-2
16.235,0.104,-2.337E-2
16.252,0.104,-2.149E-2
16.268,0.105,-2.038E-2
16.285,0.105,-1.993E-2
16.302,0.105,-2.029E-2
16.318,0.105,-2.142E-2
16.335,0.105,-2.336E-2
16.352,0.105,-2.584E-2
16.368,0.105,-2.911E-2
16.385,0.106,-3.265E-2
16.402,0.106,-3.656E-2
16.418,0.106,-4.066E-2
16.435,0.106,-4.454E-2
16.452,0.106,-4.819E-2
16.468,0.106,-5.149E-2
16.485,0.106,-5.435E-2
16.502,0.105,-5.624E-2
16.518,0.105,-5.741E-2
16.535,0.105,-5.749E-2
16.552,0.105,-5.677E-2
16.568,0.104,-5.498E-2
16.585,0.104,-5.256E-2
16.602,0.104,-4.943E-2
16.618,0.103,-4.604E-2
16.635,0.103,-4.231E-2
16.652,0.103,-3.817E-2
16.668,0.103,-3.425E-2
16.685,0.103,-3.060E-2
16.702,0.103,-2.736E-2
16.718,0.102,-2.454E-2
16.735,0.102,-2.246E-2
16.752,0.102,-2.096E-2
16.768,0.102,-2.032E-2
16.785,0.102,-2.037E-2
16.802,0.103,-2.100E-2
16.818,0.103,-2.251E-2
16.835,0.103,-2.470E-2
16.852,0.103,-2.757E-2
16.868,0.103,-3.095E-2
16.885,0.104,-3.468E-2
16.902,0.104,-3.875E-2
16.918,0.104,-4.271E-2
16.935,0.105,-4.668E-2
16.952,0.105,-5.016E-2
16.968,0.105,-5.319E-2
16.985,0.105,-5.546E-2
17.002,0.106,-5.707E-2
17.018,0.106,-5.774E-2
17.035,0.106,-5.744E-2
17.052,0.106,-5.620E-2
17.068,0.106,-5.401E-2
17.085,0.105,-5.116E-2
17.102,0.105,-4.787E-2
17.118,0.105,-4.414E-2
17.135,0.105,-4.025E-2
17.152,0.105,-3.636E-2
17.168,0.104,-3.245E-2
17.185,0.104,-2.895E-2
17.202,0.104,-2.564E-2
17.218,0.104,-2.323E-2
17.235,0.104,-2.137E-2
17.252,0.103,-2.027E-2
17.268,0.103,-1.981E-2
17.285,0.103,-1.996E-2
17.302,0.103,-2.104E-2
17.318,0.103,-2.259E-2
17.335,0.103,-2.498E-2
17.352,0.103,-2.798E-2
17.368,0.103,-3.161E-2
17.385,0.103,-3.551E-2
17.402,0.103,-3.969E-2
17.418,0.103,-4.358E-2
17.435,0.103,-4.766E-2
17.452,0.103,-5.106E-2
17.468,0.104,-5.391E-2
17.485,0.104,-5.612E-2
17.502,0.104,-5.740E-2
17.519,0.104,-5.783E-2
17.535,0.104,-5.724E-2
17.552,0.105,-5.570E-2
17.569,0.105,-5.343E-2
17.585,0.105,-5.051E-2
17.602,0.105,-4.702E-2
17.619,0.105,-4.311E-2
17.635,0.105,-3.914E-2
17.652,0.105,-3.512E-2
17.669,0.105,-3.138E-2
17.685,0.105,-2.797E-2
17.702,0.105,-2.505E-2
17.719,0.105,-2.270E-2
17.735,0.105,-2.120E-2
17.752,0.105,-2.033E-2
17.769,0.105,-2.015E-2
17.785,0.105,-2.073E-2
17.802,0.105,-2.188E-2
17.819,0.105,-2.381E-2
17.835,0.105,-2.646E-2
17.852,0.105,-2.956E-2
17.869,0.105,-3.314E-2
17.885,0.105,-3.713E-2
17.902,0.105,-4.098E-2
17.919,0.105,-4.498E-2
17.935,0.105,-4.840E-2
17.952,0.105,-5.147E-2
17.969,0.104,-5.410E-2
17.985,0.104,-5.593E-2
18.002,0.104,-5.678E-2
18.019,0.104,-5.677E-2
18.035,0.104,-5.596E-2
18.052,0.104,-5.424E-2
18.069,0.104,-5.171E-2
18.085,0.104,-4.882E-2
18.102,0.104,-4.543E-2
18.119,0.103,-4.174E-2
18.135,0.103,-3.787E-2
18.152,0.103,-3.400E-2
18.169,0.103,-3.046E-2
18.185,0.103,-2.739E-2
18.202,0.103,-2.476E-2
18.219,0.104,-2.274E-2
18.235,0.104,-2.150E-2
18.252,0.104,-2.093E-2
18.269,0.104,-2.098E-2
18.285,0.104,-2.180E-2
18.302,0.104,-2.327E-2
18.319,0.104,-2.543E-2
18.335,0.105,-2.823E-2
18.352,0.105,-3.159E-2
18.369,0.105,-3.521E-2
18.385,0.105,-3.894E-2
18.402,0.105,-4.292E-2
18.419,0.105,-4.662E-2
18.435,0.106,-4.996E-2
18.452,0.106,-5.272E-2
18.469,0.106,-5.493E-2
18.485,0.105,-5.624E-2
18.502,0.105,-5.684E-2
18.519,0.105,-5.625E-2
18.535,0.105,-5.490E-2
18.552,0.105,-5.274E-2
18.569,0.104,-4.999E-2
18.585,0.104,-4.672E-2
18.602,0.104,-4.314E-2
18.619,0.104,-3.934E-2
18.635,0.104,-3.553E-2
18.652,0.103,-3.185E-2
18.669,0.103,-2.870E-2
18.685,0.103,-2.588E-2
18.702,0.103,-2.359E-2
18.719,0.103,-2.204E-2
18.735,0.103,-2.126E-2
18.752,0.103,-2.107E-2
18.769,0.102,-2.155E-2
18.785,0.103,-2.269E-2
18.802,0.103,-2.449E-2
18.819,0.103,-2.708E-2
18.835,0.103,-3.017E-2
18.852,0.103,-3.360E-2
18.869,0.103,-3.737E-2
18.885,0.104,-4.128E-2
18.902,0.104,-4.496E-2
18.919,0.104,-4.853E-2
18.935,0.104,-5.157E-2
18.952,0.105,-5.404E-2
18.969,0.105,-5.583E-2
18.985,0.105,-5.676E-2
19.002,0.105,-5.677E-2
19.019,0.105,-5.594E-2
19.035,0.105,-5.417E-2
19.052,0.105,-5.177E-2
19.069,0.105,-4.870E-2
19.085,0.105,-4.520E-2
19.102,0.105,-4.144E-2
19.119,0.105,-3.784E-2
19.135,0.105,-3.405E-2
19.152,0.105,-3.046E-2
19.169,0.104,-2.740E-2
19.185,0.104,-2.466E-2
19.202,0.104,-2.269E-2
19.219,0.104,-2.138E-2
19.235,0.104,-2.073E-2
19.252,0.104,-2.099E-2
19.269,0.104,-2.153E-2
19.285,0.104,-2.284E-2
19.302,0.104,-2.483E-2
19.319,0.104,-2.743E-2
19.335,0.104,-3.068E-2
19.352,0.104,-3.434E-2
19.369,0.104,-3.822E-2
19.385,0.104,-4.197E-2
19.402,0.104,-4.586E-2
19.419,0.104,-4.929E-2
19.435,0.104,-5.224E-2
19.452,0.104,-5.452E-2
19.469,0.104,-5.614E-2
19.485,0.104,-5.683E-2
19.502,0.104,-5.652E-2
19.519,0.104,-5.546E-2
19.535,0.104,-5.353E-2
19.552,0.104,-5.088E-2
19.569,0.104,-4.773E-2
19.585,0.104,-4.434E-2
19.602,0.104,-4.065E-2
19.619,0.104,-3.679E-2
19.635,0.104,-3.308E-2
19.652,0.104,-2.966E-2
19.669,0.104,-2.662E-2
19.685,0.104,-2.427E-2
19.702,0.104,-2.259E-2
19.719,0.105,-2.145E-2
19.735,0.105,-2.109E-2
19.752,0.105,-2.139E-2
19.769,0.105,-2.241E-2
19.785,0.105,-2.395E-2
19.802,0.105,-2.607E-2
19.819,0.105,-2.900E-2
19.835,0.105,-3.230E-2
19.852,0.105,-3.593E-2
19.869,0.105,-3.972E-2
19.885,0.105,-4.338E-2
19.902,0.105,-4.695E-2
19.919,0.105,-5.010E-2
19.935,0.105,-5.264E-2
19.952,0.105,-5.468E-2
19.969,0.105,-5.573E-2
19.985,0.105,-5.596E-2
20.002,0.105,-5.535E-2
20.019,0.104,-5.391E-2
20.035,0.104,-5.170E-2
20.052,0.104,-4.911E-2
20.069,0.104,-4.598E-2
20.085,0.104,-4.258E-2
20.102,0.103,-3.883E-2
20.119,0.103,-3.530E-2
20.135,0.103,-3.182E-2
20.152,0.103,-2.868E-2
20.169,0.103,-2.603E-2
20.185,0.103,-2.397E-2
20.202,0.103,-2.256E-2
20.219,0.103,-2.179E-2
20.235,0.103,-2.166E-2
20.252,0.103,-2.225E-2
20.269,0.103,-2.348E-2
20.285,0.104,-2.536E-2
20.302,0.104,-2.794E-2
20.319,0.104,-3.078E-2
20.335,0.104,-3.422E-2
20.352,0.104,-3.770E-2
20.369,0.105,-4.139E-2
20.385,0.105,-4.516E-2
20.402,0.105,-4.842E-2
20.419,0.105,-5.114E-2
20.435,0.105,-5.333E-2
20.452,0.105,-5.492E-2
20.469,0.105,-5.569E-2
20.485,0.105,-5.545E-2
20.502,0.105,-5.445E-2
20.519,0.105,-5.257E-2
20.535,0.105,-5.020E-2
20.552,0.105,-4.718E-2
20.569,0.105,-4.386E-2
20.585,0.105,-4.040E-2
20.602,0.104,-3.672E-2
20.619,0.104,-3.321E-2
20.635,0.104,-2.997E-2
20.652,0.104,-2.706E-2
20.669,0.103,-2.486E-2
20.685,0.103,-2.321E-2
20.702,0.103,-2.206E-2
20.719,0.103,-2.182E-2
20.736,0.103,-2.197E-2
20.752,0.103,-2.284E-2
20.769,0.103,-2.445E-2
20.786,0.103,-2.663E-2
20.802,0.103,-2.939E-2
20.819,0.103,-3.267E-2
20.836,0.103,-3.618E-2
20.852,0.103,-3.994E-2
20.869,0.103,-4.367E-2
20.886,0.104,-4.704E-2
20.902,0.104,-5.014E-2
20.919,0.104,-5.279E-2
20.936,0.104,-5.457E-2
20.952,0.104,-5.576E-2
20.969,0.105,-5.595E-2
20.986,0.105,-5.535E-2
21.002,0.105,-5.382E-2
21.019,0.105,-5.171E-2
21.036,0.105,-4.902E-2
21.052,0.105,-4.589E-2
21.069,0.105,-4.240E-2
21.086,0.105,-3.879E-2
21.102,0.105,-3.511E-2
21.119,0.105,-3.166E-2
21.136,0.105,-2.855E-2
21.152,0.105,-2.584E-2
21.169,0.105,-2.402E-2
21.186,0.105,-2.253E-2
21.202,0.105,-2.171E-2
21.219,0.105,-2.150E-2
21.236,0.105,-2.195E-2
21.252,0.105,-2.308E-2
21.269,0.105,-2.478E-2
21.286,0.105,-2.712E-2
21.302,0.105,-3.012E-2
21.319,0.105,-3.339E-2
21.336,0.105,-3.698E-2
21.352,0.105,-4.078E-2
21.369,0.104,-4.439E-2
21.386,0.104,-4.765E-2
21.402,0.104,-5.064E-2
21.419,0.104,-5.298E-2
21.436,0.104,-5.472E-2
21.452,0.104,-5.568E-2
21.469,0.104,-5.578E-2
21.486,0.104,-5.487E-2
21.502,0.104,-5.332E-2
21.519,0.104,-5.106E-2
21.536,0.104,-4.827E-2
21.552,0.104,-4.501E-2
21.569,0.104,-4.152E-2
21.586,0.104,-3.783E-2
21.602,0.104,-3.426E-2
21.619,0.104,-3.091E-2
21.636,0.104,-2.797E-2
21.652,0.104,-2.552E-2
21.669,0.104,-2.366E-2
21.686,0.104,-2.248E-2
21.702,0.104,-2.204E-2
21.719,0.104,-2.213E-2
21.736,0.104,-2.293E-2
21.752,0.104,-2.421E-2
21.769,0.104,-2.626E-2
21.786,0.105,-2.875E-2
21.802,0.105,-3.172E-2
21.819,0.105,-3.521E-2
21.836,0.105,-3.850E-2
21.852,0.105,-4.224E-2
21.869,0.105,-4.563E-2
21.886,0.105,-4.878E-2
21.902,0.105,-5.127E-2
21.919,0.105,-5.333E-2
21.936,0.105,-5.471E-2
21.952,0.105,-5.524E-2
21.969,0.105,-5.488E-2
21.986,0.105,-5.381E-2
22.002,0.105,-5.197E-2
22.019,0.105,-4.944E-2
22.036,0.104,-4.656E-2
22.052,0.104,-4.334E-2
22.069,0.104,-3.987E-2
22.086,0.104,-3.645E-2
22.102,0.103,-3.310E-2
22.119,0.103,-3.012E-2
22.136,0.103,-2.739E-2
22.152,0.103,-2.530E-2
22.169,0.103,-2.371E-2
22.186,0.103,-2.283E-2
22.202,0.103,-2.257E-2
22.219,0.103,-2.297E-2
22.236,0.103,-2.400E-2
22.252,0.103,-2.564E-2
22.269,0.103,-2.796E-2
22.286,0.103,-3.058E-2
22.302,0.103,-3.369E-2
22.319,0.103,-3.715E-2
22.336,0.104,-4.058E-2
22.352,0.104,-4.384E-2
22.369,0.104,-4.706E-2
22.386,0.104,-4.982E-2
22.402,0.104,-5.217E-2
22.419,0.104,-5.369E-2
22.436,0.105,-5.468E-2
22.452,0.105,-5.465E-2
22.469,0.105,-5.396E-2
22.486,0.105,-5.247E-2
22.502,0.105,-5.019E-2
22.519,0.105,-4.746E-2
22.536,0.105,-4.463E-2
22.552,0.105,-4.120E-2
22.569,0.105,-3.778E-2
22.586,0.104,-3.438E-2
22.602,0.104,-3.123E-2
22.619,0.104,-2.839E-2
22.636,0.104,-2.605E-2
22.652,0.104,-2.413E-2
22.669,0.104,-2.297E-2
22.686,0.104,-2.243E-2
22.702,0.104,-2.250E-2
22.719,0.104,-2.330E-2
22.736,0.103,-2.450E-2
22.752,0.103,-2.656E-2
22.769,0.103,-2.906E-2
22.786,0.103,-3.209E-2
22.802,0.103,-3.535E-2
22.819,0.103,-3.879E-2
22.836,0.103,-4.234E-2
22.852,0.103,-4.571E-2
22.869,0.103,-4.884E-2
22.886,0.104,-5.148E-2
22.902,0.104,-5.340E-2
22.919,0.104,-5.472E-2
22.936,0.104,-5.520E-2
22.952,0.104,-5.488E-2
22.969,0.104,-5.381E-2
22.986,0.104,-5.188E-2
23.002,0.104,-4.944E-2
23.019,0.104,-4.658E-2
23.036,0.104,-4.337E-2
23.052,0.104,-3.996E-2
23.069,0.104,-3.641E-2
23.086,0.104,-3.298E-2
23.102,0.104,-2.997E-2
23.119,0.104,-2.740E-2
23.136,0.104,-2.520E-2
23.152,0.104,-2.377E-2
23.169,0.104,-2.265E-2
23.186,0.104,-2.232E-2
23.202,0.104,-2.274E-2
23.219,0.105,-2.363E-2
23.236,0.105,-2.515E-2
23.252,0.105,-2.728E-2
23.269,0.105,-2.994E-2
23.286,0.105,-3.293E-2
23.302,0.105,-3.615E-2
23.319,0.105,-3.985E-2
23.336,0.105,-4.316E-2
23.352,0.105,-4.647E-2
23.369,0.105,-4.930E-2
23.386,0.105,-5.176E-2
23.402,0.105,-5.348E-2
23.419,0.105,-5.460E-2
23.436,0.105,-5.499E-2
23.452,0.104,-5.444E-2
23.469,0.104,-5.318E-2
23.486,0.104,-5.125E-2
23.502,0.104,-4.874E-2
23.519,0.104,-4.573E-2
23.536,0.104,-4.260E-2
23.552,0.103,-3.907E-2
23.569,0.103,-3.566E-2
23.586,0.103,-3.248E-2
23.602,0.103,-2.951E-2
23.619,0.103,-2.705E-2
23.636,0.103,-2.500E-2
23.652,0.103,-2.369E-2
23.669,0.103,-2.295E-2
23.686,0.103,-2.292E-2
23.702,0.103,-2.339E-2
23.719,0.103,-2.458E-2
23.736,0.103,-2.623E-2
23.752,0.104,-2.852E-2
23.769,0.104,-3.133E-2
23.786,0.104,-3.433E-2
23.802,0.104,-3.765E-2
23.819,0.104,-4.099E-2
23.836,0.105,-4.425E-2
23.852,0.105,-4.736E-2
23.869,0.105,-4.984E-2
23.886,0.105,-5.196E-2
23.903,0.105,-5.340E-2
23.919,0.105,-5.416E-2
23.936,0.105,-5.411E-2
23.953,0.105,-5.323E-2
23.969,0.105,-5.157E-2
23.986,0.105,-4.950E-2
24.003,0.105,-4.692E-2
24.019,0.105,-4.378E-2
24.036,0.104,-4.066E-2
24.053,0.104,-3.731E-2
24.069,0.104,-3.415E-2
24.086,0.104,-3.116E-2
24.103,0.104,-2.857E-2
24.119,0.103,-2.638E-2
24.136,0.103,-2.483E-2
24.153,0.103,-2.371E-2
24.169,0.103,-2.343E-2
24.186,0.103,-2.358E-2
24.203,0.103,-2.450E-2
24.219,0.103,-2.594E-2
24.236,0.103,-2.793E-2
24.253,0.103,-3.036E-2
24.269,0.103,-3.338E-2
24.286,0.103,-3.630E-2
24.303,0.103,-3.961E-2
24.319,0.103,-4.290E-2
24.336,0.103,-4.588E-2
24.353,0.103,-4.852E-2
24.369,0.104,-5.081E-2
24.386,0.104,-5.250E-2
24.403,0.104,-5.353E-2
24.419,0.104,-5.390E-2
24.436,0.104,-5.336E-2
24.453,0.104,-5.205E-2
24.469,0.104,-5.017E-2
24.486,0.105,-4.787E-2
24.503,0.105,-4.504E-2
24.519,0.104,-4.190E-2
24.536,0.104,-3.877E-2
24.553,0.104,-3.552E-2
24.569,0.104,-3.243E-2
24.586,0.104,-2.965E-2
24.603,0.104,-2.716E-2
24.619,0.104,-2.537E-2
24.636,0.104,-2.403E-2
24.653,0.104,-2.337E-2
24.669,0.104,-2.340E-2
24.686,0.104,-2.397E-2
24.703,0.104,-2.504E-2
24.719,0.104,-2.671E-2
24.736,0.104,-2.890E-2
24.753,0.104,-3.164E-2
24.769,0.104,-3.469E-2
24.786,0.104,-3.796E-2
24.803,0.104,-4.132E-2
24.819,0.104,-4.462E-2
24.836,0.104,-4.758E-2
24.853,0.104,-5.017E-2
24.869,0.104,-5.229E-2
24.886,0.104,-5.366E-2
24.903,0.104,-5.437E-2
24.919,0.104,-5.423E-2
24.936,0.104,-5.337E-2
24.953,0.104,-5.186E-2
24.969,0.104,-4.963E-2
24.986,0.104,-4.697E-2
25.003,0.104,-4.388E-2
25.019,0.104,-4.069E-2
25.036,0.104,-3.746E-2
25.053,0.104,-3.423E-2
25.069,0.104,-3.133E-2
25.086,0.104,-2.856E-2
25.103,0.104,-2.644E-2
25.119,0.104,-2.483E-2
25.136,0.104,-2.360E-2
25.153,0.104,-2.324E-2
25.169,0.104,-2.341E-2
25.186,0.104,-2.406E-2
25.203,0.105,-2.526E-2
25.219,0.105,-2.720E-2
25.236,0.105,-2.950E-2
25.253,0.105,-3.220E-2
25.269,0.105,-3.545E-2
25.286,0.105,-3.857E-2
25.303,0.105,-4.185E-2
25.319,0.105,-4.512E-2
25.336,0.105,-4.798E-2
25.353,0.105,-5.041E-2
25.369,0.105,-5.227E-2
25.386,0.105,-5.350E-2
25.403,0.105,-5.393E-2
25.419,0.105,-5.370E-2
25.436,0.105,-5.274E-2
25.453,0.105,-5.105E-2
25.469,0.104,-4.889E-2
25.486,0.104,-4.620E-2
25.503,0.104,-4.317E-2
25.519,0.104,-4.004E-2
25.536,0.104,-3.685E-2
25.553,0.103,-3.375E-2
25.569,0.103,-3.068E-2
25.586,0.103,-2.830E-2
25.603,0.103,-2.622E-2
25.619,0.103,-2.476E-2
25.636,0.103,-2.394E-2
25.653,0.103,-2.361E-2
25.669,0.103,-2.396E-2
25.686,0.103,-2.490E-2
25.703,0.103,-2.647E-2
25.719,0.103,-2.829E-2
25.736,0.103,-3.081E-2
25.753,0.103,-3.381E-2
25.769,0.104,-3.683E-2
25.786,0.104,-3.995E-2
25.803,0.104,-4.309E-2
25.819,0.104,-4.601E-2
25.836,0.104,-4.853E-2
25.853,0.105,-5.066E-2
25.869,0.105,-5.215E-2
25.886,0.105,-5.307E-2
25.903,0.105,-5.323E-2
25.919,0.105,-5.264E-2
25.936,0.105,-5.136E-2
25.953,0.105,-4.937E-2
25.969,0.105,-4.694E-2
25.986,0.105,-4.424E-2
26.003,0.105,-4.118E-2
26.019,0.105,-3.816E-2
26.036,0.105,-3.522E-2
26.053,0.105,-3.218E-2
26.069,0.104,-2.972E-2
26.086,0.104,-2.754E-2
26.103,0.104,-2.592E-2
26.119,0.104,-2.474E-2
26.136,0.104,-2.432E-2
26.153,0.104,-2.438E-2
26.169,0.104,-2.500E-2
26.186,0.103,-2.623E-2
26.203,0.103,-2.801E-2
26.219,0.103,-3.015E-2
26.236,0.103,-3.291E-2
26.253,0.103,-3.577E-2
26.269,0.103,-3.888E-2
26.286,0.103,-4.191E-2
26.303,0.103,-4.487E-2
26.319,0.103,-4.765E-2
26.336,0.103,-4.986E-2
26.353,0.104,-5.155E-2
26.369,0.104,-5.263E-2
26.386,0.104,-5.309E-2
26.403,0.104,-5.271E-2
26.419,0.104,-5.174E-2
26.436,0.104,-5.011E-2
26.453,0.104,-4.792E-2
26.469,0.104,-4.543E-2
26.486,0.104,-4.245E-2
26.503,0.104,-3.952E-2
26.519,0.105,-3.630E-2
26.536,0.105,-3.346E-2
26.553,0.105,-3.076E-2
26.569,0.105,-2.840E-2
26.586,0.105,-2.660E-2
26.603,0.105,-2.522E-2
26.619,0.105,-2.428E-2
26.636,0.105,-2.407E-2
26.653,0.105,-2.443E-2
26.669,0.105,-2.531E-2
26.686,0.105,-2.679E-2
26.703,0.105,-2.878E-2
26.719,0.105,-3.132E-2
26.736,0.105,-3.396E-2
26.753,0.105,-3.726E-2
26.769,0.105,-4.029E-2
26.786,0.105,-4.346E-2
26.803,0.105,-4.638E-2
26.819,0.105,-4.903E-2
26.836,0.105,-5.123E-2
26.853,0.105,-5.273E-2
26.869,0.104,-5.364E-2
26.886,0.104,-5.374E-2
26.903,0.104,-5.304E-2
26.919,0.104,-5.181E-2
26.936,0.104,-4.991E-2
26.953,0.104,-4.751E-2
26.969,0.104,-4.474E-2
26.986,0.103,-4.159E-2
27.003,0.103,-3.844E-2
27.019,0.103,-3.532E-2
27.036,0.103,-3.239E-2
27.053,0.103,-2.976E-2
27.070,0.103,-2.751E-2
27.086,0.104,-2.580E-2
27.103,0.104,-2.466E-2
27.120,0.104,-2.396E-2
27.136,0.104,-2.401E-2
27.153,0.104,-2.450E-2
27.170,0.104,-2.552E-2
27.186,0.104,-2.725E-2
27.203,0.104,-2.935E-2
27.220,0.105,-3.185E-2
27.236,0.105,-3.467E-2
27.253,0.105,-3.762E-2
27.270,0.105,-4.091E-2
27.286,0.105,-4.392E-2
27.303,0.105,-4.667E-2
27.320,0.105,-4.905E-2
27.336,0.106,-5.106E-2
27.353,0.106,-5.244E-2
27.370,0.106,-5.309E-2
27.386,0.106,-5.296E-2
27.403,0.105,-5.234E-2
27.420,0.105,-5.091E-2
27.436,0.105,-4.894E-2
27.453,0.105,-4.651E-2
27.470,0.105,-4.372E-2
27.486,0.104,-4.086E-2
27.503,0.104,-3.768E-2
27.520,0.104,-3.474E-2
27.536,0.104,-3.191E-2
27.553,0.103,-2.944E-2
27.570,0.103,-2.738E-2
27.586,0.103,-2.587E-2
27.603,0.103,-2.497E-2
27.620,0.103,-2.453E-2
27.636,0.103,-2.480E-2
27.653,0.103,-2.544E-2
27.670,0.103,-2.675E-2
27.686,0.103,-2.848E-2
27.703,0.103,-3.082E-2
27.720,0.103,-3.337E-2
27.736,0.103,-3.628E-2
27.753,0.103,-3.909E-2
27.770,0.103,-4.203E-2
27.786,0.103,-4.504E-2
27.803,0.104,-4.754E-2
27.820,0.104,-4.965E-2
27.836,0.104,-5.130E-2
27.853,0.104,-5.214E-2
27.870,0.104,-5.250E-2
27.886,0.105,-5.199E-2
27.903,0.105,-5.103E-2
27.920,0.105,-4.929E-2
27.936,0.105,-4.720E-2
27.953,0.105,-4.458E-2
27.970,0.105,-4.173E-2
27.986,0.105,-3.883E-2
28.003,0.105,-3.589E-2
28.020,0.105,-3.311E-2
28.036,0.105,-3.078E-2
28.053,0.105,-2.855E-2
28.070,0.105,-2.681E-2
28.086,0.105,-2.559E-2
28.103,0.104,-2.498E-2
28.120,0.104,-2.485E-2
28.136,0.104,-2.537E-2
28.153,0.104,-2.645E-2
28.170,0.104,-2.802E-2
28.186,0.104,-3.007E-2
28.203,0.104,-3.252E-2
28.220,0.104,-3.520E-2
28.236,0.104,-3.808E-2
28.253,0.104,-4.110E-2
28.270,0.103,-4.379E-2
28.286,0.103,-4.653E-2
28.303,0.103,-4.869E-2
28.320,0.104,-5.052E-2
28.336,0.104,-5.172E-2
28.353,0.104,-5.225E-2
28.370,0.104,-5.211E-2
28.386,0.104,-5.132E-2
28.403,0.104,-4.998E-2
28.420,0.104,-4.812E-2
28.436,0.104,-4.578E-2
28.453,0.104,-4.296E-2
28.470,0.104,-4.029E-2
28.486,0.104,-3.722E-2
28.503,0.104,-3.427E-2
28.520,0.104,-3.175E-2
28.536,0.104,-2.930E-2
28.553,0.104,-2.741E-2
28.570,0.105,-2.593E-2
28.586,0.105,-2.509E-2
28.603,0.105,-2.455E-2
28.620,0.105,-2.480E-2
28.636,0.105,-2.541E-2
28.653,0.105,-2.680E-2
28.670,0.105,-2.844E-2
28.686,0.105,-3.079E-2
28.703,0.105,-3.329E-2
28.720,0.105,-3.616E-2
28.736,0.105,-3.918E-2
28.753,0.105,-4.217E-2
28.770,0.105,-4.508E-2
28.786,0.105,-4.769E-2
28.803,0.105,-4.997E-2
28.820,0.105,-5.156E-2
28.836,0.105,-5.254E-2
28.853,0.105,-5.283E-2
28.870,0.105,-5.248E-2
28.886,0.104,-5.146E-2
28.903,0.104,-4.980E-2
28.920,0.104,-4.761E-2
28.936,0.104,-4.496E-2
28.953,0.103,-4.222E-2
28.970,0.103,-3.932E-2
28.986,0.103,-3.642E-2
29.003,0.103,-3.345E-2
29.020,0.103,-3.083E-2
29.036,0.103,-2.858E-2
29.053,0.103,-2.679E-2
29.070,0.103,-2.562E-2
29.086,0.103,-2.470E-2
29.103,0.103,-2.465E-2
29.120,0.103,-2.505E-2
29.136,0.103,-2.588E-2
29.153,0.103,-2.705E-2
29.170,0.103,-2.905E-2
29.186,0.104,-3.129E-2
29.203,0.104,-3.393E-2
29.220,0.104,-3.681E-2
29.236,0.104,-3.970E-2
29.253,0.105,-4.260E-2
29.270,0.105,-4.535E-2
29.286,0.105,-4.775E-2
29.303,0.105,-4.963E-2
29.320,0.105,-5.098E-2
29.336,0.106,-5.192E-2
29.353,0.106,-5.205E-2
29.370,0.106,-5.143E-2
29.386,0.105,-5.037E-2
29.403,0.105,-4.870E-2
29.420,0.105,-4.646E-2
29.436,0.105,-4.399E-2
29.453,0.105,-4.133E-2
29.470,0.105,-3.850E-2
29.486,0.104,-3.569E-2
29.503,0.104,-3.302E-2
29.520,0.104,-3.072E-2
29.536,0.104,-2.862E-2
29.553,0.103,-2.716E-2
29.570,0.103,-2.602E-2
29.586,0.103,-2.554E-2
29.603,0.103,-2.565E-2
29.620,0.103,-2.606E-2
29.636,0.103,-2.710E-2
29.653,0.103,-2.886E-2
29.670,0.103,-3.086E-2
29.686,0.103,-3.326E-2
29.703,0.103,-3.593E-2
29.720,0.103,-3.878E-2
29.736,0.103,-4.140E-2
29.753,0.103,-4.414E-2
29.770,0.103,-4.657E-2
29.786,0.103,-4.859E-2
29.803,0.103,-5.016E-2
29.820,0.104,-5.131E-2
29.836,0.104,-5.169E-2
29.853,0.104,-5.148E-2
29.870,0.104,-5.061E-2
29.886,0.105,-4.913E-2
29.903,0.105,-4.731E-2
29.920,0.105,-4.498E-2
29.936,0.105,-4.232E-2
29.953,0.105,-3.961E-2
29.970,0.105,-3.691E-2
29.986,0.105,-3.419E-2
30.003,0.105,-3.179E-2
30.020,0.105,-2.961E-2
30.036,0.105,-2.787E-2
30.053,0.105,-2.659E-2
30.070,0.105,-2.584E-2
30.086,0.105,-2.566E-2
30.103,0.105,-2.599E-2
30.120,0.105,-2.692E-2
30.136,0.105,-2.833E-2
30.153,0.105,-3.008E-2
30.170,0.105,-3.228E-2
30.186,0.105,-3.490E-2
30.203,0.105,-3.754E-2
30.220,0.104,-4.034E-2
30.236,0.104,-4.306E-2
30.253,0.104,-4.558E-2
30.270,0.104,-4.786E-2
30.287,0.104,-4.953E-2
30.303,0.104,-5.081E-2
30.320,0.104,-5.143E-2
30.337,0.104,-5.159E-2
30.353,0.103,-5.089E-2
30.370,0.103,-4.969E-2
30.387,0.103,-4.795E-2
30.403,0.103,-4.578E-2
30.420,0.103,-4.336E-2
30.437,0.103,-4.068E-2
30.453,0.103,-3.801E-2
30.470,0.103,-3.513E-2
30.487,0.104,-3.263E-2
30.503,0.104,-3.023E-2
30.520,0.104,-2.849E-2
30.537,0.104,-2.691E-2
30.553,0.104,-2.597E-2
30.570,0.104,-2.537E-2
30.587,0.104,-2.541E-2
30.603,0.105,-2.593E-2
30.620,0.105,-2.694E-2
30.637,0.105,-2.866E-2
30.653,0.105,-3.059E-2
30.670,0.105,-3.300E-2
30.687,0.105,-3.585E-2
30.703,0.105,-3.854E-2
30.720,0.106,-4.154E-2
30.737,0.106,-4.432E-2
30.753,0.106,-4.673E-2
30.770,0.106,-4.888E-2
30.787,0.105,-5.055E-2
30.803,0.105,-5.175E-2
30.820,0.105,-5.223E-2
30.837,0.105,-5.199E-2
30.853,0.105,-5.122E-2
30.870,0.104,-4.976E-2
30.887,0.104,-4.783E-2
30.903,0.104,-4.553E-2
30.920,0.104,-4.296E-2
30.937,0.103,-4.018E-2
30.953,0.103,-3.726E-2
30.970,0.103,-3.460E-2
30.987,0.103,-3.201E-2
31.003,0.102,-2.981E-2
31.020,0.102,-2.793E-2
31.037,0.102,-2.666E-2
31.053,0.102,-2.585E-2
31.070,0.102,-2.549E-2
31.087,0.102,-2.576E-2
31.103,0.102,-2.625E-2
31.120,0.102,-2.762E-2
31.137,0.103,-2.921E-2
31.153,0.103,-3.127E-2
31.170,0.103,-3.384E-2
31.187,0.103,-3.646E-2
31.203,0.103,-3.923E-2
31.220,0.104,-4.184E-2
31.237,0.104,-4.443E-2
31.253,0.104,-4.676E-2
31.270,0.105,-4.869E-2
31.287,0.105,-5.021E-2
31.303,0.105,-5.106E-2
31.320,0.105,-5.134E-2
31.337,0.105,-5.096E-2
31.353,0.105,-4.997E-2
31.370,0.105,-4.853E-2
31.387,0.105,-4.651E-2
31.403,0.105,-4.430E-2
31.420,0.105,-4.170E-2
31.437,0.105,-3.905E-2
31.453,0.105,-3.633E-2
31.470,0.105,-3.391E-2
31.487,0.104,-3.158E-2
31.503,0.104,-2.960E-2
31.520,0.104,-2.791E-2
31.537,0.104,-2.674E-2
31.553,0.104,-2.616E-2
31.570,0.103,-2.606E-2
31.587,0.103,-2.636E-2
31.603,0.103,-2.721E-2
31.620,0.103,-2.870E-2
31.637,0.103,-3.040E-2
31.653,0.103,-3.275E-2
31.670,0.103,-3.513E-2
31.687,0.103,-3.770E-2
31.703,0.103,-4.038E-2
31.720,0.103,-4.288E-2
31.737,0.103,-4.537E-2
31.753,0.103,-4.732E-2
31.770,0.103,-4.907E-2
31.787,0.103,-5.012E-2
31.803,0.103,-5.065E-2
31.820,0.103,-5.065E-2
31.837,0.104,-4.995E-2
31.853,0.104,-4.864E-2
31.870,0.104,-4.692E-2
31.887,0.104,-4.477E-2
31.903,0.104,-4.240E-2
31.920,0.105,-3.980E-2
31.937,0.105,-3.724E-2
31.953,0.105,-3.482E-2
31.970,0.105,-3.242E-2
31.987,0.105,-3.030E-2
32.003,0.105,-2.855E-2
32.020,0.105,-2.732E-2
32.037,0.105,-2.657E-2
32.053,0.105,-2.629E-2
32.070,0.105,-2.647E-2
32.087,0.105,-2.716E-2
32.103,0.105,-2.834E-2
32.120,0.105,-2.995E-2
32.137,0.105,-3.218E-2
32.153,0.105,-3.457E-2
32.170,0.105,-3.712E-2
32.187,0.105,-3.981E-2
32.203,0.105,-4.243E-2
32.220,0.105,-4.499E-2
32.237,0.105,-4.709E-2
32.253,0.104,-4.886E-2
32.270,0.104,-5.016E-2
32.287,0.104,-5.086E-2
32.303,0.104,-5.101E-2
32.320,0.103,-5.060E-2
32.337,0.103,-4.951E-2
32.353,0.103,-4.802E-2
32.370,0.103,-4.596E-2
32.387,0.103,-4.388E-2
32.403,0.103,-4.125E-2
32.420,0.103,-3.861E-2
32.437,0.103,-3.601E-2
32.453,0.103,-3.346E-2
32.470,0.103,-3.133E-2
32.487,0.103,-2.931E-2
32.503,0.103,-2.784E-2
32.520,0.103,-2.672E-2
32.537,0.104,-2.610E-2
32.553,0.104,-2.599E-2
32.570,0.104,-2.635E-2
32.587,0.104,-2.722E-2
32.603,0.104,-2.863E-2
32.620,0.105,-3.059E-2
32.637,0.105,-3.274E-2
32.653,0.105,-3.517E-2
32.670,0.105,-3.782E-2
32.687,0.105,-4.054E-2
32.703,0.106,-4.325E-2
32.720,0.106,-4.563E-2
32.737,0.106,-4.776E-2
32.753,0.106,-4.952E-2
32.770,0.106,-5.074E-2
32.787,0.106,-5.130E-2
32.803,0.106,-5.130E-2
32.820,0.105,-5.061E-2
32.837,0.105,-4.955E-2
32.853,0.105,-4.783E-2
32.870,0.105,-4.566E-2
32.887,0.104,-4.323E-2
32.903,0.104,-4.072E-2
32.920,0.104,-3.792E-2
32.937,0.103,-3.541E-2
32.953,0.103,-3.294E-2
32.970,0.103,-3.079E-2
32.987,0.103,-2.890E-2
33.003,0.103,-2.763E-2
33.020,0.102,-2.660E-2
33.037,0.102,-2.625E-2
33.053,0.102,-2.624E-2
33.070,0.102,-2.687E-2
33.087,0.102,-2.789E-2
33.103,0.102,-2.957E-2
33.120,0.102,-3.126E-2
33.137,0.103,-3.371E-2
33.153,0.103,-3.614E-2
33.170,0.103,-3.876E-2
33.187,0.103,-4.138E-2
33.203,0.103,-4.385E-2
33.220,0.104,-4.589E-2
33.237,0.104,-4.781E-2
33.253,0.104,-4.934E-2
33.270,0.105,-5.022E-2
33.287,0.105,-5.056E-2
33.303,0.105,-5.044E-2
33.320,0.105,-4.961E-2
33.337,0.105,-4.833E-2
33.353,0.106,-4.653E-2
33.370,0.106,-4.450E-2
33.387,0.106,-4.217E-2
33.403,0.106,-3.967E-2
33.420,0.105,-3.716E-2
33.437,0.105,-3.484E-2
33.454,0.105,-3.255E-2
33.470,0.105,-3.055E-2
33.487,0.105,-2.897E-2
33.504,0.105,-2.780E-2
33.520,0.104,-2.710E-2
33.537,0.104,-2.697E-2
33.554,0.104,-2.722E-2
33.570,0.104,-2.786E-2
33.587,0.104,-2.910E-2
33.604,0.104,-3.086E-2
33.620,0.103,-3.290E-2
33.637,0.103,-3.504E-2
33.654,0.103,-3.748E-2
33.670,0.103,-4.015E-2
33.687,0.103,-4.242E-2
33.704,0.103,-4.465E-2
33.720,0.103,-4.664E-2
33.737,0.103,-4.826E-2
33.754,0.103,-4.936E-2
33.770,0.103,-5.002E-2
33.787,0.103,-5.003E-2
33.804,0.103,-4.939E-2
33.820,0.103,-4.830E-2
33.837,0.103,-4.680E-2
33.854,0.104,-4.481E-2
33.870,0.104,-4.253E-2
33.887,0.104,-4.024E-2
33.904,0.104,-3.775E-2
33.920,0.104,-3.535E-2
33.937,0.105,-3.302E-2
33.954,0.105,-3.103E-2
33.970,0.105,-2.933E-2
33.987,0.105,-2.820E-2
34.004,0.105,-2.731E-2
34.020,0.105,-2.694E-2
34.037,0.106,-2.706E-2
34.054,0.106,-2.759E-2
34.070,0.106,-2.863E-2
34.087,0.106,-3.016E-2
34.104,0.106,-3.218E-2
34.120,0.106,-3.437E-2
34.137,0.106,-3.684E-2
34.154,0.106,-3.937E-2
34.170,0.106,-4.188E-2
34.187,0.105,-4.424E-2
34.204,0.105,-4.640E-2
34.220,0.105,-4.822E-2
34.237,0.105,-4.948E-2
34.254,0.105,-5.033E-2
34.270,0.104,-5.068E-2
34.287,0.104,-5.030E-2
34.304,0.104,-4.932E-2
34.320,0.103,-4.801E-2
34.337,0.103,-4.614E-2
34.354,0.103,-4.405E-2
34.370,0.103,-4.180E-2
34.387,0.103,-3.922E-2
34.404,0.103,-3.658E-2
34.420,0.103,-3.413E-2
34.437,0.102,-3.218E-2
34.454,0.103,-3.025E-2
34.470,0.103,-2.879E-2
34.487,0.103,-2.753E-2
34.504,0.103,-2.679E-2
34.520,0.103,-2.675E-2
34.537,0.103,-2.681E-2
34.554,0.103,-2.751E-2
34.570,0.104,-2.881E-2
34.587,0.104,-3.036E-2
34.604,0.104,-3.240E-2
34.620,0.104,-3.473E-2
34.637,0.105,-3.721E-2
34.654,0.105,-3.987E-2
34.670,0.105,-4.245E-2
34.687,0.105,-4.481E-2
34.704,0.106,-4.686E-2
34.720,0.106,-4.853E-2
34.737,0.106,-4.985E-2
34.754,0.106,-5.046E-2
34.770,0.106,-5.065E-2
34.787,0.106,-5.020E-2
34.804,0.105,-4.920E-2
34.820,0.105,-4.770E-2
34.837,0.105,-4.573E-2
34.854,0.105,-4.358E-2
34.870,0.105,-4.119E-2
34.887,0.104,-3.875E-2
34.904,0.104,-3.620E-2
34.920,0.104,-3.382E-2
34.937,0.103,-3.163E-2
34.954,0.103,-2.976E-2
34.970,0.103,-2.835E-2
34.987,0.103,-2.736E-2
35.004,0.103,-2.691E-2
35.020,0.103,-2.691E-2
35.037,0.102,-2.729E-2
35.054,0.102,-2.829E-2
35.070,0.102,-2.959E-2
35.087,0.102,-3.141E-2
35.104,0.102,-3.324E-2
35.120,0.102,-3.560E-2
35.137,0.103,-3.794E-2
35.154,0.103,-4.033E-2
35.170,0.103,-4.259E-2
35.187,0.103,-4.486E-2
35.204,0.104,-4.671E-2
35.220,0.104,-4.827E-2
35.237,0.104,-4.917E-2
35.254,0.104,-4.968E-2
35.270,0.105,-4.963E-2
35.287,0.105,-4.901E-2
35.304,0.105,-4.789E-2
35.320,0.105,-4.630E-2
35.337,0.105,-4.437E-2
35.354,0.106,-4.213E-2
35.370,0.106,-3.988E-2
35.387,0.106,-3.754E-2
35.404,0.106,-3.536E-2
35.420,0.106,-3.308E-2
35.437,0.106,-3.122E-2
35.454,0.106,-2.966E-2
35.470,0.105,-2.849E-2
35.487,0.105,-2.782E-2
35.504,0.105,-2.748E-2
35.520,0.105,-2.758E-2
35.537,0.105,-2.834E-2
35.554,0.105,-2.935E-2
35.570,0.105,-3.093E-2
35.587,0.104,-3.274E-2
35.604,0.104,-3.484E-2
35.620,0.104,-3.706E-2
35.637,0.104,-3.936E-2
35.654,0.103,-4.167E-2
35.670,0.103,-4.391E-2
35.687,0.103,-4.572E-2
35.704,0.103,-4.739E-2
35.720,0.103,-4.842E-2
35.737,0.103,-4.904E-2
35.754,0.103,-4.926E-2
35.770,0.103,-4.887E-2
35.787,0.103,-4.798E-2
35.804,0.103,-4.659E-2
35.820,0.103,-4.470E-2
35.837,0.103,-4.278E-2
35.854,0.103,-4.060E-2
35.870,0.103,-3.811E-2
35.887,0.104,-3.585E-2
35.904,0.104,-3.390E-2
35.920,0.104,-3.190E-2
35.937,0.104,-3.022E-2
35.954,0.104,-2.892E-2
35.970,0.105,-2.803E-2
35.987,0.105,-2.756E-2
36.004,0.105,-2.759E-2
36.020,0.105,-2.802E-2
36.037,0.105,-2.903E-2
36.054,0.105,-3.035E-2
36.070,0.106,-3.204E-2
36.087,0.106,-3.405E-2
36.104,0.106,-3.640E-2
36.120,0.106,-3.871E-2
36.137,0.106,-4.114E-2
36.154,0.106,-4.350E-2
36.170,0.106,-4.555E-2
36.187,0.105,-4.731E-2
36.204,0.105,-4.869E-2
36.220,0.105,-4.958E-2
36.237,0.105,-4.987E-2
36.254,0.104,-4.974E-2
36.270,0.104,-4.898E-2
36.287,0.104,-4.773E-2
36.304,0.103,-4.620E-2
36.320,0.103,-4.425E-2
36.337,0.103,-4.195E-2
36.354,0.103,-3.962E-2
36.370,0.102,-3.723E-2
36.387,0.102,-3.501E-2
36.404,0.102,-3.301E-2
36.420,0.102,-3.105E-2
36.437,0.102,-2.952E-2
36.454,0.102,-2.846E-2
36.470,0.102,-2.774E-2
36.487,0.102,-2.735E-2
36.504,0.102,-2.746E-2
36.520,0.103,-2.824E-2
36.537,0.103,-2.931E-2
36.554,0.103,-3.058E-2
36.570,0.103,-3.250E-2
36.587,0.104,-3.463E-2
36.604,0.104,-3.687E-2
36.621,0.104,-3.927E-2
36.637,0.105,-4.170E-2
36.654,0.105,-4.390E-2
36.671,0.105,-4.597E-2
36.687,0.105,-4.772E-2
36.704,0.106,-4.911E-2
36.721,0.106,-4.982E-2
36.737,0.106,-5.010E-2
36.754,0.106,-4.989E-2
36.771,0.106,-4.904E-2
36.787,0.106,-4.768E-2
36.804,0.106,-4.608E-2
36.821,0.105,-4.403E-2
36.837,0.105,-4.181E-2
36.854,0.105,-3.948E-2
36.871,0.105,-3.701E-2
36.887,0.104,-3.475E-2
36.904,0.104,-3.264E-2
36.921,0.104,-3.089E-2
36.937,0.104,-2.943E-2
36.954,0.103,-2.838E-2
36.971,0.103,-2.778E-2
36.987,0.103,-2.767E-2
37.004,0.103,-2.800E-2
37.021,0.103,-2.877E-2
37.037,0.102,-2.985E-2
37.054,0.102,-3.125E-2
37.071,0.102,-3.315E-2
37.087,0.102,-3.519E-2
37.104,0.102,-3.750E-2
37.121,0.102,-3.981E-2
37.137,0.103,-4.210E-2
37.154,0.103,-4.407E-2
37.171,0.103,-4.591E-2
37.187,0.103,-4.736E-2
37.204,0.103,-4.842E-2
37.221,0.104,-4.889E-2
37.237,0.104,-4.886E-2
37.254,0.104,-4.838E-2
37.271,0.104,-4.736E-2
37.287,0.105,-4.601E-2
37.304,0.105,-4.430E-2
37.321,0.105,-4.226E-2
37.337,0.105,-4.021E-2
37.354,0.105,-3.797E-2
37.371,0.106,-3.577E-2
37.387,0.106,-3.379E-2
37.404,0.106,-3.198E-2
37.421,0.106,-3.046E-2
37.437,0.106,-2.933E-2
37.454,0.106,-2.858E-2
37.471,0.106,-2.823E-2
37.487,0.106,-2.836E-2
37.504,0.106,-2.891E-2
37.521,0.105,-2.981E-2
37.537,0.105,-3.112E-2
37.554,0.105,-3.292E-2
37.571,0.105,-3.482E-2
37.587,0.105,-3.699E-2
37.604,0.104,-3.911E-2
37.621,0.104,-4.135E-2
37.637,0.104,-4.347E-2
37.654,0.104,-4.528E-2
37.671,0.104,-4.688E-2
37.687,0.103,-4.802E-2
37.704,0.103,-4.855E-2
37.721,0.103,-4.872E-2
37.737,0.103,-4.839E-2
37.754,0.103,-4.754E-2
37.771,0.103,-4.639E-2
37.787,0.103,-4.475E-2
37.804,0.103,-4.279E-2
37.821,0.103,-4.078E-2
37.837,0.103,-3.871E-2
37.854,0.103,-3.644E-2
37.871,0.103,-3.437E-2
37.887,0.103,-3.242E-2
37.904,0.103,-3.075E-2
37.921,0.104,-2.948E-2
37.937,0.104,-2.849E-2
37.954,0.104,-2.799E-2
37.971,0.104,-2.795E-2
37.987,0.105,-2.829E-2
38.004,0.105,-2.905E-2
38.021,0.105,-3.036E-2
38.037,0.105,-3.197E-2
38.054,0.105,-3.388E-2
38.071,0.106,-3.606E-2
38.087,0.106,-3.834E-2
38.104,0.106,-4.062E-2
38.121,0.106,-4.289E-2
38.137,0.106,-4.491E-2
38.154,0.106,-4.662E-2
38.171,0.106,-4.802E-2
38.187,0.105,-4.899E-2
38.204,0.105,-4.930E-2
38.221,0.105,-4.919E-2
38.237,0.105,-4.859E-2
38.254,0.104,-4.746E-2
38.271,0.104,-4.593E-2
38.287,0.104,-4.415E-2
38.304,0.103,-4.204E-2
38.321,0.103,-3.982E-2
38.337,0.103,-3.755E-2
38.354,0.102,-3.554E-2
38.371,0.102,-3.327E-2
38.387,0.102,-3.158E-2
38.404,0.102,-3.016E-2
38.421,0.102,-2.900E-2
38.437,0.102,-2.814E-2
38.454,0.102,-2.775E-2
38.471,0.102,-2.796E-2
38.487,0.102,-2.841E-2
38.504,0.102,-2.925E-2
38.521,0.102,-3.054E-2
38.537,0.103,-3.220E-2
38.554,0.103,-3.425E-2
38.571,0.103,-3.632E-2
38.587,0.104,-3.863E-2
38.604,0.104,-4.083E-2
38.621,0.104,-4.295E-2
38.637,0.104,-4.509E-2
38.654,0.105,-4.663E-2
38.671,0.105,-4.798E-2
38.687,0.105,-4.888E-2
38.704,0.106,-4.923E-2
38.721,0.106,-4.898E-2
38.737,0.106,-4.838E-2
38.754,0.106,-4.726E-2
38.771,0.106,-4.576E-2
38.787,0.106,-4.393E-2
38.804,0.106,-4.181E-2
38.821,0.105,-3.971E-2
38.837,0.105,-3.746E-2
38.854,0.105,-3.521E-2
38.871,0.105,-3.333E-2
38.887,0.105,-3.159E-2
38.904,0.104,-3.019E-2
38.921,0.104,-2.925E-2
38.937,0.104,-2.853E-2
38.954,0.104,-2.840E-2
38.971,0.103,-2.867E-2
38.987,0.103,-2.933E-2
39.004,0.103,-3.038E-2
39.021,0.103,-3.172E-2
39.037,0.103,-3.348E-2
39.054,0.103,-3.555E-2
39.071,0.103,-3.749E-2
39.087,0.103,-3.963E-2
39.104,0.103,-4.180E-2
39.121,0.103,-4.386E-2
39.137,0.103,-4.566E-2
39.154,0.103,-4.700E-2
39.171,0.103,-4.788E-2
39.187,0.103,-4.838E-2
39.204,0.104,-4.843E-2
39.221,0.104,-4.801E-2
39.237,0.104,-4.723E-2
39.254,0.104,-4.587E-2
39.271,0.104,-4.427E-2
39.287,0.105,-4.241E-2
39.304,0.105,-4.038E-2
39.321,0.105,-3.828E-2
39.337,0.105,-3.623E-2
39.354,0.105,-3.434E-2
39.371,0.106,-3.260E-2
39.387,0.106,-3.117E-2
39.404,0.106,-3.013E-2
39.421,0.106,-2.930E-2
39.437,0.106,-2.898E-2
39.454,0.106,-2.911E-2
39.471,0.106,-2.953E-2
39.487,0.106,-3.035E-2
39.504,0.106,-3.163E-2
39.521,0.106,-3.320E-2
39.537,0.105,-3.491E-2
39.554,0.105,-3.696E-2
39.571,0.105,-3.898E-2
39.587,0.105,-4.106E-2
39.604,0.105,-4.292E-2
39.621,0.104,-4.474E-2
39.637,0.104,-4.613E-2
39.654,0.104,-4.726E-2
39.671,0.104,-4.791E-2
39.687,0.103,-4.815E-2
39.704,0.103,-4.793E-2
39.721,0.103,-4.718E-2
39.737,0.103,-4.603E-2
39.754,0.103,-4.460E-2
39.771,0.103,-4.274E-2
39.787,0.103,-4.087E-2
39.804,0.103,-3.878E-2
39.821,0.103,-3.674E-2
39.838,0.103,-3.484E-2
39.854,0.103,-3.291E-2
39.871,0.103,-3.145E-2
39.888,0.103,-3.011E-2
39.904,0.103,-2.915E-2
39.921,0.104,-2.858E-2
39.938,0.104,-2.841E-2
39.954,0.104,-2.874E-2
39.971,0.104,-2.947E-2
39.988,0.104,-3.060E-2
40.004,0.105,-3.212E-2
40.021,0.105,-3.395E-2
40.038,0.105,-3.613E-2
40.054,0.105,-3.827E-2
40.071,0.106,-4.049E-2
40.088,0.106,-4.258E-2
40.104,0.106,-4.453E-2
40.121,0.106,-4.623E-2
40.138,0.106,-4.762E-2
40.154,0.106,-4.849E-2
40.171,0.106,-4.887E-2
40.188,0.105,-4.886E-2
40.204,0.105,-4.826E-2
40.221,0.105,-4.732E-2
40.238,0.105,-4.589E-2
40.254,0.104,-4.415E-2
40.271,0.104,-4.219E-2
40.288,0.104,-4.015E-2
40.304,0.103,-3.791E-2
40.321,0.103,-3.576E-2
40.338,0.103,-3.377E-2
40.354,0.103,-3.211E-2
40.371,0.102,-3.056E-2
40.388,0.102,-2.951E-2
40.404,0.102,-2.892E-2
40.421,0.102,-2.841E-2
40.438,0.102,-2.851E-2
40.454,0.102,-2.891E-2
40.471,0.102,-2.979E-2
40.488,0.102,-3.084E-2
40.504,0.102,-3.232E-2
40.521,0.103,-3.421E-2
40.538,0.103,-3.621E-2
40.554,0.103,-3.835E-2
40.571,0.103,-4.039E-2
40.588,0.104,-4.245E-2
40.604,0.104,-4.446E-2
40.621,0.104,-4.601E-2
40.638,0.105,-4.733E-2
40.654,0.105,-4.816E-2
40.671,0.105,-4.859E-2
40.688,0.105,-4.856E-2
40.704,0.106,-4.799E-2
40.721,0.106,-4.702E-2
40.738,0.106,-4.566E-2
40.754,0.106,-4.398E-2
40.771,0.106,-4.208E-2
40.788,0.106,-4.003E-2
40.804,0.106,-3.794E-2
40.821,0.106,-3.583E-2
40.838,0.105,-3.394E-2
40.854,0.105,-3.221E-2
40.871,0.105,-3.087E-2
40.888,0.105,-2.985E-2
40.904,0.105,-2.920E-2
40.921,0.104,-2.899E-2
40.938,0.104,-2.907E-2
40.954,0.104,-2.970E-2
40.971,0.104,-3.063E-2
40.988,0.104,-3.200E-2
41.004,0.103,-3.350E-2
41.021,0.103,-3.525E-2
41.038,0.103,-3.736E-2
41.054,0.103,-3.946E-2
41.071,0.103,-4.123E-2
41.088,0.103,-4.319E-2
41.104,0.103,-4.473E-2
41.121,0.103,-4.612E-2
41.138,0.103,-4.711E-2
41.154,0.103,-4.758E-2
41.171,0.103,-4.777E-2
41.188,0.103,-4.741E-2
41.204,0.103,-4.652E-2
41.221,0.103,-4.529E-2
41.238,0.104,-4.389E-2
41.254,0.104,-4.224E-2
41.271,0.104,-4.040E-2
41.288,0.104,-3.841E-2
41.304,0.104,-3.648E-2
41.321,0.105,-3.465E-2
41.338,0.105,-3.301E-2
41.354,0.105,-3.153E-2
41.371,0.105,-3.049E-2
41.388,0.105,-2.987E-2
41.404,0.105,-2.950E-2
41.421,0.105,-2.954E-2
41.438,0.106,-2.997E-2
41.454,0.106,-3.080E-2
41.471,0.106,-3.187E-2
41.488,0.106,-3.331E-2
41.504,0.105,-3.504E-2
41.521,0.105,-3.697E-2
41.538,0.105,-3.894E-2
41.554,0.105,-4.091E-2
41.571,0.105,-4.281E-2
41.588,0.105,-4.445E-2
41.604,0.104,-4.589E-2
41.621,0.104,-4.686E-2
41.638,0.104,-4.748E-2
41.654,0.104,-4.773E-2
41.671,0.103,-4.763E-2
41.688,0.103,-4.687E-2
41.704,0.103,-4.581E-2
41.721,0.103,-4.435E-2
41.738,0.102,-4.276E-2
41.754,0.102,-4.079E-2
41.771,0.102,-3.894E-2
41.788,0.102,-3.690E-2
41.804,0.102,-3.505E-2
41.821,0.102,-3.331E-2
41.838,0.102,-3.188E-2
41.854,0.102,-3.060E-2
41.871,0.103,-2.979E-2
41.888,0.103,-2.928E-2
41.904,0.103,-2.909E-2
41.921,0.103,-2.939E-2
41.938,0.103,-3.004E-2
41.954,0.104,-3.104E-2
41.971,0.104,-3.223E-2
41.988,0.104,-3.400E-2
42.004,0.105,-3.591E-2
42.021,0.105,-3.795E-2
42.038,0.105,-4.004E-2
42.054,0.105,-4.210E-2
42.071,0.105,-4.397E-2
42.088,0.106,-4.568E-2
42.104,0.106,-4.702E-2
42.121,0.106,-4.789E-2
42.138,0.106,-4.838E-2
42.154,0.106,-4.838E-2
42.171,0.106,-4.803E-2
42.188,0.105,-4.710E-2
42.204,0.105,-4.583E-2
42.221,0.105,-4.425E-2
42.238,0.105,-4.236E-2
42.254,0.104,-4.034E-2
42.271,0.104,-3.829E-2
42.288,0.104,-3.626E-2
42.304,0.104,-3.439E-2
42.321,0.103,-3.262E-2
42.338,0.103,-3.120E-2
42.354,0.103,-3.007E-2
42.371,0.103,-2.933E-2
42.388,0.103,-2.896E-2
42.404,0.102,-2.882E-2
42.421,0.102,-2.910E-2
42.438,0.102,-2.981E-2
42.454,0.102,-3.095E-2
42.471,0.102,-3.238E-2
42.488,0.103,-3.398E-2
42.504,0.103,-3.601E-2
42.521,0.103,-3.795E-2
42.538,0.103,-3.997E-2
42.554,0.103,-4.196E-2
42.571,0.104,-4.367E-2
42.588,0.104,-4.523E-2
42.604,0.104,-4.640E-2
42.621,0.104,-4.724E-2
42.638,0.105,-4.776E-2
42.654,0.105,-4.781E-2
42.671,0.105,-4.730E-2
42.688,0.105,-4.645E-2
42.704,0.105,-4.522E-2
42.721,0.106,-4.362E-2
42.738,0.106,-4.188E-2
42.754,0.106,-3.995E-2
42.771,0.106,-3.803E-2
42.788,0.106,-3.615E-2
42.804,0.106,-3.440E-2
42.821,0.106,-3.282E-2
42.838,0.106,-3.143E-2
42.854,0.105,-3.043E-2
42.871,0.105,-2.982E-2
42.888,0.105,-2.962E-2
42.904,0.105,-2.962E-2
42.921,0.105,-3.010E-2
42.938,0.104,-3.097E-2
42.954,0.104,-3.213E-2
42.971,0.104,-3.369E-2
42.988,0.104,-3.548E-2
43.005,0.104,-3.722E-2
43.021,0.103,-3.923E-2
43.038,0.103,-4.118E-2
43.055,0.103,-4.286E-2
43.071,0.103,-4.432E-2
43.088,0.103,-4.563E-2
43.105,0.103,-4.646E-2
43.121,0.103,-4.698E-2
43.138,0.103,-4.709E-2
43.155,0.103,-4.688E-2
43.171,0.103,-4.627E-2
43.188,0.103,-4.513E-2
43.205,0.103,-4.371E-2
43.221,0.103,-4.221E-2
43.238,0.104,-4.043E-2
43.255,0.104,-3.857E-2
43.271,0.104,-3.663E-2
43.288,0.104,-3.489E-2
43.305,0.104,-3.329E-2
43.321,0.105,-3.201E-2
43.338,0.105,-3.093E-2
43.355,0.105,-3.024E-2
43.371,0.105,-2.992E-2
43.388,0.105,-2.986E-2
43.405,0.105,-3.029E-2
43.421,0.105,-3.102E-2
43.438,0.106,-3.204E-2
43.455,0.106,-3.339E-2
43.471,0.106,-3.499E-2
43.488,0.106,-3.681E-2
43.505,0.106,-3.874E-2
43.521,0.106,-4.061E-2
43.538,0.105,-4.247E-2
43.555,0.105,-4.393E-2
43.571,0.105,-4.535E-2
43.588,0.105,-4.643E-2
43.605,0.105,-4.703E-2
43.621,0.104,-4.725E-2
43.638,0.104,-4.710E-2
43.655,0.104,-4.657E-2
43.671,0.103,-4.552E-2
43.688,0.103,-4.428E-2
43.705,0.103,-4.269E-2
43.721,0.103,-4.099E-2
43.738,0.102,-3.917E-2
43.755,0.102,-3.747E-2
43.771,0.102,-3.556E-2
43.788,0.102,-3.391E-2
43.805,0.102,-3.247E-2
43.821,0.102,-3.128E-2
43.838,0.102,-3.028E-2
43.855,0.102,-2.982E-2
43.871,0.102,-2.953E-2
43.888,0.103,-2.976E-2
43.905,0.103,-3.027E-2
43.921,0.103,-3.111E-2
43.938,0.103,-3.243E-2
43.955,0.104,-3.389E-2
43.971,0.104,-3.573E-2
43.988,0.104,-3.768E-2
44.005,0.105,-3.972E-2
44.021,0.105,-4.162E-2
44.038,0.105,-4.352E-2
44.055,0.105,-4.516E-2
44.071,0.106,-4.654E-2
44.088,0.106,-4.745E-2
44.105,0.106,-4.787E-2
44.121,0.106,-4.794E-2
44.138,0.106,-4.771E-2
44.155,0.106,-4.684E-2
44.171,0.106,-4.576E-2
44.188,0.105,-4.434E-2
44.205,0.105,-4.257E-2
44.221,0.105,-4.063E-2
44.238,0.105,-3.863E-2
44.255,0.104,-3.663E-2
44.271,0.104,-3.481E-2
44.288,0.104,-3.311E-2
44.305,0.104,-3.167E-2
44.321,0.103,-3.066E-2
44.338,0.103,-2.993E-2
44.355,0.103,-2.957E-2
44.371,0.103,-2.961E-2
44.388,0.103,-2.976E-2
44.405,0.102,-3.046E-2
44.421,0.102,-3.150E-2
44.438,0.102,-3.276E-2
44.455,0.102,-3.428E-2
44.471,0.102,-3.597E-2
44.488,0.103,-3.773E-2
44.505,0.103,-3.956E-2
44.521,0.103,-4.156E-2
44.538,0.103,-4.334E-2
44.555,0.103,-4.482E-2
44.571,0.104,-4.597E-2
44.588,0.104,-4.689E-2
44.605,0.104,-4.730E-2
44.621,0.104,-4.729E-2
44.638,0.105,-4.693E-2
44.655,0.105,-4.610E-2
44.671,0.105,-4.496E-2
44.688,0.105,-4.353E-2
44.705,0.105,-4.202E-2
44.721,0.105,-4.022E-2
44.738,0.106,-3.839E-2
44.755,0.106,-3.656E-2
44.771,0.106,-3.484E-2
44.788,0.106,-3.334E-2
44.805,0.106,-3.215E-2
44.821,0.106,-3.113E-2
44.838,0.105,-3.054E-2
44.855,0.105,-3.021E-2
44.871,0.105,-3.026E-2
44.888,0.105,-3.069E-2
44.905,0.105,-3.154E-2
44.921,0.105,-3.276E-2
44.938,0.105,-3.390E-2
44.955,0.104,-3.557E-2
44.971,0.104,-3.732E-2
44.988,0.104,-3.909E-2
45.005,0.104,-4.083E-2
45.021,0.104,-4.255E-2
45.038,0.103,-4.407E-2
45.055,0.103,-4.516E-2
45.071,0.103,-4.616E-2
45.088,0.103,-4.664E-2
45.105,0.103,-4.691E-2
45.121,0.103,-4.655E-2
45.138,0.103,-4.574E-2
45.155,0.103,-4.480E-2
45.171,0.103,-4.347E-2
45.188,0.103,-4.200E-2
45.205,0.103,-4.041E-2
45.221,0.103,-3.856E-2
45.238,0.103,-3.697E-2
45.255,0.103,-3.524E-2
45.271,0.103,-3.377E-2
45.288,0.104,-3.245E-2
45.305,0.104,-3.152E-2
45.321,0.104,-3.079E-2
45.338,0.104,-3.044E-2
45.355,0.104,-3.051E-2
45.371,0.105,-3.079E-2
45.388,0.105,-3.145E-2
45.405,0.105,-3.230E-2
45.421,0.105,-3.365E-2
45.438,0.105,-3.523E-2
45.455,0.105,-3.688E-2
45.471,0.106,-3.865E-2
45.488,0.106,-4.041E-2
45.505,0.106,-4.213E-2
45.521,0.105,-4.355E-2
45.538,0.105,-4.493E-2
45.555,0.105,-4.592E-2
45.571,0.105,-4.648E-2
45.588,0.105,-4.677E-2
45.605,0.105,-4.649E-2
45.621,0.104,-4.586E-2
45.638,0.104,-4.503E-2
45.655,0.104,-4.378E-2
45.671,0.103,-4.236E-2
45.688,0.103,-4.054E-2
45.705,0.103,-3.888E-2
45.721,0.103,-3.715E-2
45.738,0.103,-3.544E-2
45.755,0.103,-3.389E-2
45.771,0.102,-3.252E-2
45.788,0.102,-3.129E-2
45.805,0.102,-3.038E-2
45.821,0.102,-2.988E-2
45.838,0.102,-2.968E-2
45.855,0.103,-2.990E-2
45.871,0.103,-3.027E-2
45.888,0.103,-3.102E-2
45.905,0.103,-3.217E-2
45.921,0.103,-3.366E-2
45.938,0.104,-3.542E-2
45.955,0.104,-3.723E-2
45.971,0.104,-3.912E-2
45.988,0.104,-4.100E-2
46.005,0.105,-4.280E-2
46.021,0.105,-4.437E-2
46.038,0.105,-4.561E-2
46.055,0.105,-4.661E-2
46.071,0.106,-4.713E-2
46.088,0.106,-4.730E-2
46.105,0.106,-4.707E-2
46.121,0.106,-4.635E-2
46.138,0.106,-4.534E-2
46.155,0.106,-4.403E-2
46.172,0.106,-4.238E-2
46.188,0.105,-4.055E-2
46.205,0.105,-3.870E-2
46.222,0.105,-3.688E-2
46.238,0.105,-3.519E-2
46.255,0.105,-3.356E-2
46.272,0.104,-3.212E-2
46.288,0.104,-3.126E-2
46.305,0.104,-3.045E-2
46.322,0.104,-3.009E-2
46.338,0.103,-3.006E-2
46.355,0.103,-3.039E-2
46.372,0.103,-3.086E-2
46.388,0.103,-3.186E-2
46.405,0.103,-3.298E-2
46.422,0.103,-3.435E-2
46.438,0.103,-3.599E-2
46.455,0.103,-3.779E-2
46.472,0.103,-3.949E-2
46.488,0.103,-4.133E-2
46.505,0.103,-4.279E-2
46.522,0.103,-4.441E-2
46.538,0.103,-4.553E-2
46.555,0.104,-4.635E-2
46.572,0.104,-4.670E-2
46.588,0.104,-4.675E-2
46.605,0.104,-4.636E-2
46.622,0.104,-4.563E-2
46.638,0.105,-4.454E-2
46.655,0.105,-4.323E-2
46.672,0.105,-4.170E-2
46.688,0.105,-4.004E-2
46.705,0.105,-3.839E-2
46.722,0.105,-3.671E-2
46.738,0.105,-3.508E-2
46.755,0.105,-3.364E-2
46.772,0.105,-3.249E-2
46.788,0.105,-3.152E-2
46.805,0.105,-3.092E-2
46.822,0.105,-3.063E-2
46.838,0.105,-3.065E-2
46.855,0.105,-3.117E-2
46.872,0.105,-3.186E-2
46.888,0.105,-3.286E-2
46.905,0.105,-3.400E-2
46.922,0.105,-3.561E-2
46.938,0.104,-3.726E-2
46.955,0.104,-3.898E-2
46.972,0.104,-4.053E-2
46.988,0.104,-4.213E-2
47.005,0.104,-4.363E-2
47.022,0.104,-4.474E-2
47.038,0.103,-4.545E-2
47.055,0.103,-4.601E-2
47.072,0.103,-4.605E-2
47.088,0.103,-4.586E-2
47.105,0.103,-4.527E-2
47.122,0.103,-4.430E-2
47.138,0.103,-4.302E-2
47.155,0.103,-4.158E-2
47.172,0.103,-4.005E-2
47.188,0.103,-3.847E-2
47.205,0.103,-3.687E-2
47.222,0.103,-3.533E-2
47.238,0.103,-3.384E-2
47.255,0.103,-3.262E-2
47.272,0.103,-3.163E-2
47.288,0.104,-3.104E-2
47.305,0.104,-3.071E-2
47.322,0.104,-3.070E-2
47.338,0.104,-3.095E-2
47.355,0.104,-3.163E-2
47.372,0.105,-3.257E-2
47.388,0.105,-3.380E-2
47.405,0.105,-3.524E-2
47.422,0.105,-3.690E-2
47.438,0.105,-3.865E-2
47.455,0.105,-4.033E-2
47.472,0.105,-4.197E-2
47.488,0.105,-4.334E-2
47.505,0.105,-4.455E-2
47.522,0.105,-4.545E-2
47.538,0.105,-4.609E-2
47.555,0.105,-4.629E-2
47.572,0.105,-4.612E-2
47.588,0.105,-4.564E-2
47.605,0.104,-4.482E-2
47.622,0.104,-4.360E-2
47.638,0.104,-4.220E-2
47.655,0.104,-4.063E-2
47.672,0.104,-3.894E-2
47.688,0.103,-3.730E-2
47.705,0.103,-3.558E-2
47.722,0.103,-3.408E-2
47.738,0.103,-3.275E-2
47.755,0.103,-3.161E-2
47.772,0.103,-3.070E-2
47.788,0.103,-3.018E-2
47.805,0.103,-3.017E-2
47.822,0.103,-3.023E-2
47.838,0.103,-3.072E-2
47.855,0.103,-3.141E-2
47.872,0.103,-3.251E-2
47.888,0.103,-3.382E-2
47.905,0.103,-3.535E-2
47.922,0.103,-3.704E-2
47.938,0.104,-3.876E-2
47.955,0.104,-4.053E-2
47.972,0.104,-4.217E-2
47.988,0.105,-4.375E-2
48.005,0.105,-4.500E-2
48.022,0.105,-4.597E-2
48.038,0.105,-4.658E-2
48.055,0.105,-4.678E-2
48.072,0.106,-4.657E-2
48.088,0.106,-4.589E-2
48.105,0.106,-4.488E-2
48.122,0.106,-4.371E-2
48.138,0.106,-4.213E-2
48.155,0.106,-4.046E-2
48.172,0.105,-3.874E-2
48.188,0.105,-3.702E-2
48.205,0.105,-3.542E-2
48.222,0.105,-3.391E-2
48.238,0.105,-3.268E-2
48.255,0.104,-3.166E-2
48.272,0.104,-3.096E-2
48.288,0.104,-3.058E-2
48.305,0.104,-3.047E-2
48.322,0.104,-3.080E-2
48.338,0.103,-3.120E-2
48.355,0.103,-3.206E-2
48.372,0.103,-3.332E-2
48.388,0.103,-3.448E-2
48.405,0.103,-3.597E-2
48.422,0.103,-3.757E-2
48.438,0.103,-3.935E-2
48.455,0.103,-4.107E-2
48.472,0.103,-4.264E-2
48.488,0.103,-4.379E-2
48.505,0.103,-4.492E-2
48.522,0.103,-4.567E-2
48.538,0.103,-4.608E-2
48.555,0.104,-4.607E-2
48.572,0.104,-4.565E-2
48.588,0.104,-4.498E-2
48.605,0.104,-4.417E-2
48.622,0.104,-4.286E-2
48.638,0.104,-4.135E-2
48.655,0.104,-3.992E-2
48.672,0.105,-3.828E-2
48.688,0.105,-3.678E-2
48.705,0.105,-3.527E-2
48.722,0.105,-3.397E-2
48.738,0.105,-3.285E-2
48.755,0.105,-3.198E-2
48.772,0.105,-3.136E-2
48.788,0.105,-3.117E-2
48.805,0.105,-3.117E-2
48.822,0.105,-3.159E-2
48.838,0.105,-3.225E-2
48.855,0.105,-3.326E-2
48.872,0.105,-3.442E-2
48.888,0.105,-3.587E-2
48.905,0.105,-3.738E-2
48.922,0.105,-3.898E-2
48.938,0.104,-4.057E-2
48.955,0.104,-4.200E-2
48.972,0.104,-4.346E-2
48.988,0.104,-4.456E-2
49.005,0.104,-4.536E-2
49.022,0.103,-4.573E-2
49.038,0.103,-4.591E-2
49.055,0.103,-4.568E-2
49.072,0.103,-4.499E-2
49.088,0.103,-4.411E-2
49.105,0.103,-4.289E-2
49.122,0.103,-4.160E-2
49.138,0.103,-4.010E-2
49.155,0.103,-3.851E-2
49.172,0.103,-3.700E-2
49.188,0.103,-3.555E-2
49.205,0.103,-3.418E-2
49.222,0.103,-3.312E-2
49.238,0.103,-3.215E-2
49.255,0.103,-3.155E-2
49.272,0.103,-3.116E-2
49.288,0.103,-3.126E-2
49.305,0.104,-3.159E-2
49.322,0.104,-3.226E-2
49.338,0.104,-3.311E-2
49.355,0.104,-3.419E-2
49.372,0.104,-3.561E-2
49.389,0.105,-3.709E-2
49.405,0.105,-3.875E-2
49.422,0.105,-4.027E-2
49.439,0.105,-4.191E-2
49.455,0.105,-4.329E-2
49.472,0.105,-4.449E-2
49.489,0.105,-4.534E-2
49.505,0.105,-4.596E-2
49.522,0.105,-4.624E-2
49.539,0.105,-4.599E-2
49.555,0.105,-4.558E-2
49.572,0.105,-4.479E-2
49.589,0.105,-4.365E-2
49.605,0.105,-4.233E-2
49.622,0.104,-4.083E-2
49.639,0.104,-3.921E-2
49.655,0.104,-3.754E-2
49.672,0.104,-3.593E-2
49.689,0.103,-3.453E-2
49.705,0.103,-3.327E-2
49.722,0.103,-3.233E-2
49.739,0.103,-3.139E-2
49.755,0.103,-3.091E-2
49.772,0.103,-3.062E-2
49.789,0.103,-3.086E-2
49.805,0.103,-3.132E-2
49.822,0.103,-3.210E-2
49.839,0.103,-3.309E-2
49.855,0.103,-3.440E-2
49.872,0.103,-3.575E-2
49.889,0.103,-3.730E-2
49.905,0.104,-3.897E-2
49.922,0.104,-4.063E-2
49.939,0.104,-4.207E-2
49.955,0.104,-4.361E-2
49.972,0.104,-4.475E-2
49.989,0.105,-4.570E-2
50.005,0.105,-4.620E-2
50.022,0.105,-4.642E-2
50.039,0.105,-4.620E-2
50.055,0.105,-4.565E-2
50.072,0.105,-4.478E-2
50.089,0.106,-4.362E-2
50.105,0.106,-4.223E-2
50.122,0.105,-4.067E-2
50.139,0.105,-3.904E-2
50.155,0.105,-3.733E-2
50.172,0.105,-3.583E-2
50.189,0.105,-3.433E-2
50.205,0.105,-3.311E-2
50.222,0.105,-3.211E-2
50.239,0.105,-3.147E-2
50.255,0.105,-3.099E-2
50.272,0.104,-3.091E-2
50.289,0.104,-3.123E-2
50.305,0.104,-3.171E-2
50.322,0.104,-3.267E-2
50.339,0.104,-3.362E-2
50.355,0.104,-3.494E-2
50.372,0.103,-3.624E-2
50.389,0.103,-3.787E-2
50.405,0.103,-3.940E-2
50.422,0.103,-4.088E-2
50.439,0.103,-4.223E-2
50.455,0.103,-4.350E-2
50.472,0.103,-4.456E-2
50.489,0.103,-4.523E-2
50.505,0.103,-4.554E-2
50.522,0.103,-4.565E-2
50.539,0.103,-4.523E-2
50.555,0.104,-4.468E-2
50.572,0.104,-4.383E-2
50.589,0.104,-4.255E-2
50.605,0.104,-4.121E-2
50.622,0.104,-3.990E-2
50.639,0.104,-3.834E-2
50.655,0.104,-3.689E-2
50.672,0.104,-3.540E-2
50.689,0.104,-3.418E-2
50.705,0.104,-3.322E-2
50.722,0.105,-3.236E-2
50.739,0.105,-3.194E-2
50.755,0.105,-3.172E-2
50.772,0.105,-3.179E-2
50.789,0.105,-3.218E-2
50.805,0.105,-3.288E-2
50.822,0.105,-3.380E-2
50.839,0.105,-3.487E-2
50.855,0.105,-3.613E-2
50.872,0.105,-3.757E-2
50.889,0.105,-3.909E-2
50.905,0.105,-4.041E-2
50.922,0.105,-4.173E-2
50.939,0.105,-4.304E-2
50.955,0.104,-4.389E-2
50.972,0.104,-4.472E-2
50.989,0.104,-4.515E-2
51.005,0.104,-4.516E-2
51.022,0.104,-4.491E-2
51.039,0.104,-4.445E-2
51.055,0.103,-4.375E-2
51.072,0.103,-4.250E-2
51.089,0.103,-4.129E-2
51.105,0.103,-3.982E-2
51.122,0.103,-3.830E-2
51.139,0.103,-3.683E-2
51.155,0.103,-3.535E-2
51.172,0.103,-3.412E-2
51.189,0.103,-3.316E-2
51.205,0.103,-3.233E-2
51.222,0.103,-3.165E-2
51.239,0.103,-3.141E-2
51.255,0.104,-3.137E-2
51.272,0.104,-3.181E-2
51.289,0.104,-3.237E-2
51.305,0.104,-3.323E-2
51.322,0.104,-3.436E-2
51.339,0.104,-3.565E-2
51.355,0.105,-3.717E-2
51.372,0.105,-3.874E-2
51.389,0.105,-4.030E-2
51.405,0.105,-4.171E-2
51.422,0.105,-4.310E-2
51.439,0.105,-4.430E-2
51.455,0.106,-4.515E-2
51.472,0.106,-4.562E-2
51.489,0.106,-4.585E-2
51.505,0.106,-4.566E-2
51.522,0.106,-4.517E-2
51.539,0.105,-4.444E-2
51.555,0.105,-4.336E-2
51.572,0.105,-4.207E-2
51.589,0.105,-4.065E-2
51.605,0.105,-3.916E-2
51.622,0.104,-3.765E-2
51.639,0.104,-3.603E-2
51.655,0.104,-3.460E-2
51.672,0.104,-3.348E-2
51.689,0.104,-3.246E-2
51.705,0.104,-3.175E-2
51.722,0.103,-3.140E-2
51.739,0.103,-3.104E-2
51.755,0.103,-3.130E-2
51.772,0.103,-3.166E-2
51.789,0.103,-3.236E-2
51.805,0.103,-3.336E-2
51.822,0.103,-3.450E-2
51.839,0.103,-3.589E-2
51.855,0.103,-3.746E-2
51.872,0.103,-3.897E-2
51.889,0.103,-4.060E-2
51.905,0.104,-4.199E-2
51.922,0.104,-4.327E-2
51.939,0.104,-4.440E-2
51.955,0.104,-4.522E-2
51.972,0.104,-4.574E-2
51.989,0.105,-4.599E-2
52.005,0.105,-4.582E-2
52.022,0.105,-4.528E-2
52.039,0.105,-4.449E-2
52.055,0.105,-4.342E-2
52.072,0.105,-4.217E-2
52.089,0.105,-4.066E-2
52.105,0.105,-3.908E-2
52.122,0.105,-3.755E-2
52.139,0.105,-3.601E-2
52.155,0.105,-3.462E-2
52.172,0.105,-3.344E-2
52.189,0.105,-3.254E-2
52.205,0.105,-3.183E-2
52.222,0.105,-3.153E-2
52.239,0.104,-3.150E-2
52.255,0.104,-3.162E-2
52.272,0.104,-3.219E-2
52.289,0.104,-3.291E-2
52.305,0.104,-3.401E-2
52.322,0.104,-3.520E-2
52.339,0.104,-3.650E-2
52.355,0.104,-3.799E-2
52.372,0.104,-3.946E-2
52.389,0.104,-4.091E-2
52.405,0.103,-4.221E-2
52.422,0.104,-4.329E-2
52.439,0.103,-4.418E-2
52.455,0.103,-4.488E-2
52.472,0.104,-4.518E-2
52.489,0.103,-4.517E-2
52.505,0.103,-4.484E-2
52.522,0.104,-4.431E-2
52.539,0.104,-4.350E-2
52.556,0.104,-4.240E-2
52.572,0.104,-4.107E-2
52.589,0.104,-3.973E-2
52.606,0.104,-3.836E-2
52.622,0.104,-3.694E-2
52.639,0.104,-3.572E-2
52.656,0.104,-3.456E-2
52.672,0.104,-3.362E-2
52.689,0.104,-3.286E-2
52.706,0.104,-3.239E-2
52.722,0.104,-3.220E-2
52.739,0.105,-3.228E-2
52.756,0.105,-3.259E-2
52.772,0.105,-3.328E-2
52.789,0.105,-3.419E-2
52.806,0.105,-3.535E-2
52.822,0.105,-3.646E-2
52.839,0.105,-3.771E-2
52.856,0.105,-3.915E-2
52.872,0.105,-4.049E-2
52.889,0.105,-4.176E-2
52.906,0.105,-4.289E-2
52.922,0.105,-4.386E-2
52.939,0.104,-4.462E-2
52.956,0.104,-4.491E-2
52.972,0.104,-4.506E-2
52.989,0.104,-4.480E-2
53.006,0.104,-4.427E-2
53.022,0.104,-4.350E-2
53.039,0.104,-4.246E-2
53.056,0.104,-4.118E-2
53.072,0.103,-3.985E-2
53.089,0.103,-3.851E-2
53.106,0.103,-3.701E-2
53.122,0.103,-3.564E-2
53.139,0.103,-3.465E-2
53.156,0.103,-3.358E-2
53.172,0.103,-3.276E-2
53.189,0.103,-3.219E-2
53.206,0.103,-3.204E-2
53.222,0.103,-3.197E-2
53.239,0.103,-3.244E-2
53.256,0.104,-3.296E-2
53.272,0.104,-3.387E-2
53.289,0.104,-3.481E-2
53.306,0.104,-3.607E-2
53.322,0.104,-3.748E-2
53.339,0.104,-3.891E-2
53.356,0.105,-4.034E-2
53.372,0.105,-4.170E-2
53.389,0.105,-4.290E-2
53.406,0.105,-4.391E-2
53.422,0.105,-4.476E-2
53.439,0.105,-4.522E-2
53.456,0.105,-4.539E-2
53.472,0.105,-4.523E-2
53.489,0.105,-4.474E-2
53.506,0.105,-4.396E-2
53.522,0.105,-4.312E-2
53.539,0.105,-4.179E-2
53.556,0.105,-4.053E-2
53.572,0.105,-3.916E-2
53.589,0.105,-3.760E-2
53.606,0.105,-3.623E-2
53.622,0.104,-3.489E-2
53.639,0.104,-3.374E-2
53.656,0.104,-3.276E-2
53.672,0.104,-3.202E-2
53.689,0.104,-3.172E-2
53.706,0.104,-3.145E-2
53.722,0.104,-3.158E-2
53.739,0.103,-3.215E-2
53.756,0.103,-3.284E-2
53.772,0.103,-3.373E-2
53.789,0.103,-3.487E-2
53.806,0.103,-3.616E-2
53.822,0.103,-3.760E-2
53.839,0.103,-3.923E-2
53.856,0.103,-4.067E-2
53.872,0.103,-4.193E-2
53.889,0.104,-4.324E-2
53.906,0.104,-4.422E-2
53.922,0.104,-4.509E-2
53.939,0.104,-4.553E-2
53.956,0.104,-4.567E-2
53.972,0.104,-4.543E-2
53.989,0.104,-4.503E-2
54.006,0.105,-4.416E-2
54.022,0.105,-4.309E-2
54.039,0.105,-4.198E-2
54.056,0.105,-4.058E-2
54.072,0.105,-3.911E-2
54.089,0.105,-3.760E-2
54.106,0.105,-3.621E-2
54.122,0.105,-3.489E-2
54.139,0.105,-3.385E-2
54.156,0.105,-3.285E-2
54.172,0.105,-3.232E-2
54.189,0.104,-3.189E-2
54.206,0.104,-3.171E-2
54.222,0.104,-3.208E-2
54.239,0.104,-3.245E-2
54.256,0.104,-3.333E-2
54.272,0.104,-3.422E-2
54.289,0.104,-3.532E-2
54.306,0.104,-3.658E-2
54.322,0.104,-3.802E-2
54.339,0.104,-3.932E-2
54.356,0.104,-4.053E-2
54.372,0.104,-4.179E-2
54.389,0.104,-4.284E-2
54.406,0.103,-4.371E-2
54.422,0.103,-4.423E-2
54.439,0.103,-4.451E-2
54.456,0.103,-4.451E-2
54.472,0.103,-4.425E-2
54.489,0.103,-4.362E-2
54.506,0.103,-4.272E-2
54.522,0.103,-4.174E-2
54.539,0.103,-4.057E-2
54.556,0.103,-3.919E-2
54.572,0.103,-3.792E-2
54.589,0.104,-3.666E-2
54.606,0.104,-3.538E-2
54.622,0.104,-3.438E-2
54.639,0.104,-3.346E-2
54.656,0.104,-3.289E-2
54.672,0.104,-3.246E-2
54.689,0.104,-3.233E-2
54.706,0.104,-3.243E-2
54.722,0.104,-3.287E-2
54.739,0.104,-3.353E-2
54.756,0.104,-3.436E-2
54.772,0.104,-3.541E-2
54.789,0.105,-3.663E-2
54.806,0.105,-3.790E-2
54.822,0.105,-3.916E-2
54.839,0.105,-4.053E-2
54.856,0.105,-4.164E-2
54.872,0.105,-4.265E-2
54.889,0.105,-4.353E-2
54.906,0.105,-4.415E-2
54.922,0.104,-4.448E-2
54.939,0.104,-4.450E-2
54.956,0.104,-4.432E-2
54.972,0.104,-4.369E-2
54.989,0.104,-4.297E-2
55.006,0.104,-4.185E-2
55.022,0.104,-4.081E-2
55.039,0.104,-3.939E-2
55.056,0.104,-3.821E-2
55.072,0.103,-3.680E-2
55.089,0.103,-3.568E-2
55.106,0.103,-3.453E-2
55.122,0.103,-3.354E-2
55.139,0.103,-3.278E-2
55.156,0.103,-3.237E-2
55.172,0.103,-3.219E-2
55.189,0.103,-3.219E-2
55.206,0.103,-3.254E-2
55.222,0.103,-3.317E-2
55.239,0.103,-3.391E-2
55.256,0.104,-3.503E-2
55.272,0.104,-3.624E-2
55.289,0.104,-3.755E-2
55.306,0.104,-3.900E-2
55.322,0.104,-4.032E-2
55.339,0.104,-4.166E-2
55.356,0.104,-4.276E-2
55.372,0.105,-4.363E-2
55.389,0.105,-4.445E-2
55.406,0.105,-4.484E-2
55.422,0.105,-4.506E-2
55.439,0.105,-4.497E-2
55.456,0.105,-4.456E-2
55.472,0.105,-4.378E-2
55.489,0.105,-4.281E-2
55.506,0.105,-4.167E-2
55.522,0.105,-4.031E-2
55.539,0.105,-3.913E-2
55.556,0.105,-3.771E-2
55.572,0.105,-3.624E-2
55.589,0.104,-3.503E-2
55.606,0.104,-3.406E-2
55.622,0.104,-3.306E-2
55.639,0.104,-3.254E-2
55.656,0.104,-3.198E-2
55.672,0.104,-3.194E-2
55.689,0.104,-3.218E-2
55.706,0.104,-3.253E-2
55.723,0.103,-3.323E-2
55.739,0.103,-3.412E-2
55.756,0.103,-3.522E-2
55.773,0.103,-3.644E-2
55.789,0.103,-3.772E-2
55.806,0.103,-3.911E-2
55.823,0.103,-4.041E-2
55.839,0.103,-4.171E-2
55.856,0.103,-4.282E-2
55.873,0.103,-4.362E-2
55.889,0.104,-4.439E-2
55.906,0.104,-4.486E-2
55.923,0.104,-4.504E-2
55.939,0.104,-4.481E-2
55.956,0.104,-4.435E-2
55.973,0.104,-4.353E-2
55.989,0.104,-4.267E-2
56.006,0.104,-4.151E-2
56.023,0.104,-4.025E-2
56.039,0.104,-3.898E-2
56.056,0.104,-3.762E-2
56.073,0.104,-3.631E-2
56.089,0.104,-3.517E-2
56.106,0.104,-3.410E-2
56.123,0.104,-3.333E-2
56.139,0.104,-3.273E-2
56.156,0.104,-3.237E-2
56.173,0.104,-3.234E-2
56.189,0.104,-3.256E-2
56.206,0.104,-3.308E-2
56.223,0.104,-3.381E-2
56.239,0.104,-3.481E-2
56.256,0.104,-3.586E-2
56.273,0.104,-3.721E-2
56.289,0.104,-3.846E-2
56.306,0.104,-3.962E-2
56.323,0.104,-4.081E-2
56.339,0.104,-4.183E-2
56.356,0.104,-4.293E-2
56.373,0.104,-4.357E-2
56.389,0.104,-4.410E-2
56.406,0.104,-4.441E-2
56.423,0.104,-4.433E-2
56.439,0.104,-4.401E-2
56.456,0.104,-4.338E-2
56.473,0.104,-4.267E-2
56.489,0.104,-4.174E-2
56.506,0.104,-4.054E-2
56.523,0.104,-3.938E-2
56.539,0.104,-3.816E-2
56.556,0.104,-3.694E-2
56.573,0.104,-3.595E-2
56.589,0.104,-3.485E-2
56.606,0.104,-3.410E-2
56.623,0.104,-3.359E-2
56.639,0.104,-3.311E-2
56.656,0.104,-3.305E-2
56.673,0.104,-3.315E-2
56.689,0.104,-3.356E-2
56.706,0.104,-3.419E-2
56.723,0.104,-3.505E-2
56.739,0.105,-3.595E-2
56.756,0.105,-3.711E-2
56.773,0.105,-3.830E-2
56.789,0.105,-3.961E-2
56.806,0.105,-4.073E-2
56.823,0.105,-4.183E-2
56.839,0.105,-4.277E-2
56.856,0.105,-4.349E-2
56.873,0.105,-4.400E-2
56.889,0.105,-4.425E-2
56.906,0.105,-4.419E-2
56.923,0.105,-4.405E-2
56.939,0.105,-4.344E-2
56.956,0.105,-4.263E-2
56.973,0.104,-4.174E-2
56.989,0.104,-4.064E-2
57.006,0.104,-3.931E-2
57.023,0.104,-3.816E-2
57.039,0.104,-3.684E-2
57.056,0.104,-3.566E-2
57.073,0.104,-3.461E-2
57.089,0.104,-3.371E-2
57.106,0.104,-3.307E-2
57.123,0.104,-3.264E-2
57.139,0.104,-3.236E-2
57.156,0.104,-3.250E-2
57.173,0.104,-3.291E-2
57.189,0.104,-3.344E-2
57.206,0.104,-3.436E-2
57.223,0.104,-3.534E-2
57.239,0.104,-3.646E-2
57.256,0.104,-3.777E-2
57.273,0.104,-3.910E-2
57.289,0.104,-4.029E-2
57.306,0.104,-4.157E-2
57.323,0.104,-4.267E-2
57.339,0.104,-4.364E-2
57.356,0.105,-4.427E-2
57.373,0.105,-4.469E-2
57.389,0.105,-4.482E-2
57.406,0.105,-4.459E-2
57.423,0.105,-4.420E-2
57.439,0.105,-4.353E-2
57.456,0.105,-4.266E-2
57.473,0.105,-4.158E-2
57.489,0.105,-4.032E-2
57.506,0.105,-3.904E-2
57.523,0.104,-3.772E-2
57.539,0.104,-3.641E-2
57.556,0.104,-3.510E-2
57.573,0.104,-3.423E-2
57.589,0.104,-3.325E-2
57.606,0.104,-3.287E-2
57.623,0.104,-3.241E-2
57.639,0.104,-3.230E-2
57.656,0.104,-3.253E-2
57.673,0.104,-3.285E-2
57.689,0.104,-3.351E-2
57.706,0.104,-3.440E-2
57.723,0.104,-3.536E-2
57.739,0.104,-3.651E-2
57.756,0.104,-3.777E-2
57.773,0.104,-3.899E-2
57.789,0.104,-4.034E-2
57.806,0.104,-4.157E-2
57.823,0.104,-4.270E-2
57.839,0.104,-4.359E-2
57.856,0.104,-4.424E-2
57.873,0.104,-4.468E-2
57.889,0.104,-4.469E-2
57.906,0.104,-4.462E-2
57.923,0.104,-4.410E-2
57.939,0.104,-4.343E-2
57.956,0.104,-4.255E-2
57.973,0.104,-4.133E-2
57.989,0.104,-4.025E-2
58.006,0.104,-3.901E-2
58.023,0.104,-3.774E-2
58.039,0.104,-3.651E-2
58.056,0.104,-3.537E-2
58.073,0.104,-3.450E-2
58.089,0.104,-3.370E-2
58.106,0.104,-3.317E-2
58.123,0.104,-3.293E-2
58.139,0.104,-3.289E-2
58.156,0.104,-3.312E-2
58.173,0.104,-3.358E-2
58.189,0.104,-3.429E-2
58.206,0.104,-3.503E-2
58.223,0.104,-3.612E-2
58.239,0.104,-3.724E-2
58.256,0.104,-3.841E-2
58.273,0.104,-3.957E-2
58.289,0.104,-4.069E-2
58.306,0.104,-4.173E-2
58.323,0.104,-4.253E-2
58.339,0.104,-4.313E-2
58.356,0.104,-4.357E-2
58.373,0.104,-4.387E-2
58.389,0.104,-4.370E-2
58.406,0.104,-4.332E-2
58.423,0.104,-4.276E-2
58.439,0.104,-4.210E-2
58.456,0.104,-4.118E-2
58.473,0.104,-4.012E-2
58.489,0.104,-3.892E-2
58.506,0.104,-3.775E-2
58.523,0.104,-3.666E-2
58.539,0.104,-3.563E-2
58.556,0.104,-3.479E-2
58.573,0.104,-3.408E-2
58.589,0.104,-3.360E-2
58.606,0.104,-3.336E-2
58.623,0.104,-3.316E-2
58.639,0.104,-3.335E-2
58.656,0.104,-3.371E-2
58.673,0.104,-3.432E-2
58.689,0.104,-3.517E-2
58.706,0.104,-3.620E-2
58.723,0.104,-3.731E-2
58.739,0.104,-3.841E-2
58.756,0.104,-3.954E-2
58.773,0.104,-4.065E-2
58.789,0.105,-4.160E-2
58.806,0.105,-4.252E-2
58.823,0.105,-4.310E-2
58.839,0.105,-4.365E-2
58.856,0.105,-4.380E-2
58.873,0.105,-4.369E-2
58.889,0.105,-4.347E-2
58.906,0.104,-4.285E-2
58.923,0.104,-4.195E-2
58.940,0.104,-4.115E-2
58.956,0.104,-4.007E-2
58.973,0.104,-3.884E-2
58.990,0.104,-3.774E-2
59.006,0.104,-3.640E-2
59.023,0.104,-3.531E-2
59.040,0.104,-3.432E-2
59.056,0.104,-3.372E-2
59.073,0.104,-3.305E-2
59.090,0.104,-3.279E-2
59.106,0.104,-3.265E-2
59.123,0.104,-3.280E-2
59.140,0.104,-3.313E-2
59.156,0.103,-3.371E-2
59.173,0.104,-3.455E-2
59.190,0.104,-3.554E-2
59.206,0.104,-3.664E-2
59.223,0.104,-3.786E-2
59.240,0.104,-3.920E-2
59.256,0.104,-4.045E-2
59.273,0.104,-4.161E-2
59.290,0.104,-4.262E-2
59.306,0.104,-4.349E-2
59.323,0.104,-4.404E-2
59.340,0.104,-4.441E-2
59.356,0.104,-4.456E-2
59.373,0.104,-4.437E-2
59.390,0.104,-4.380E-2
59.406,0.104,-4.314E-2
59.423,0.104,-4.227E-2
59.440,0.104,-4.126E-2
59.456,0.104,-3.996E-2
59.473,0.104,-3.878E-2
59.490,0.104,-3.754E-2
59.506,0.104,-3.629E-2
59.523,0.104,-3.521E-2
59.540,0.104,-3.430E-2
59.556,0.104,-3.340E-2
59.573,0.104,-3.278E-2
59.590,0.104,-3.267E-2
59.606,0.104,-3.259E-2
59.623,0.104,-3.281E-2
59.640,0.104,-3.323E-2
59.656,0.104,-3.386E-2
59.673,0.104,-3.465E-2
59.690,0.104,-3.583E-2
59.706,0.104,-3.690E-2
59.723,0.104,-3.797E-2
59.740,0.104,-3.920E-2
59.756,0.104,-4.040E-2
59.773,0.104,-4.145E-2
59.790,0.104,-4.237E-2
59.806,0.104,-4.311E-2
59.823,0.104,-4.375E-2
59.840,0.104,-4.411E-2
59.856,0.104,-4.419E-2
59.873,0.104,-4.396E-2
59.890,0.104,-4.358E-2
59.906,0.104,-4.296E-2
59.923,0.104,-4.213E-2
59.940,0.104,-4.110E-2
59.956,0.104,-3.993E-2
59.973,0.104,-3.877E-2
59.990,0.104,-3.747E-2
60.006,0.104,-3.643E-2
60.023,0.104,-3.539E-2
60.040,0.104,-3.451E-2
60.056,0.104,-3.381E-2
60.073,0.104,-3.335E-2
60.090,0.104,-3.313E-2
60.106,0.104,-3.300E-2
60.123,0.104,-3.334E-2
60.140,0.104,-3.387E-2
60.156,0.104,-3.449E-2
60.173,0.104,-3.529E-2
60.190,0.104,-3.642E-2
60.206,0.104,-3.752E-2
60.223,0.104,-3.860E-2
60.240,0.104,-3.971E-2
60.256,0.104,-4.075E-2
60.273,0.104,-4.165E-2
60.290,0.104,-4.241E-2
60.306,0.104,-4.295E-2
60.323,0.104,-4.330E-2
60.340,0.104,-4.344E-2
60.356,0.104,-4.324E-2
60.373,0.104,-4.301E-2
60.390,0.104,-4.233E-2
60.406,0.104,-4.150E-2
60.423,0.104,-4.052E-2
60.440,0.104,-3.954E-2
60.456,0.104,-3.844E-2
60.473,0.104,-3.729E-2
60.490,0.104,-3.627E-2
60.506,0.104,-3.530E-2
60.523,0.104,-3.445E-2
60.540,0.104,-3.381E-2
60.556,0.104,-3.343E-2
60.573,0.104,-3.322E-2
60.590,0.104,-3.324E-2
60.606,0.104,-3.355E-2
60.623,0.104,-3.402E-2
60.640,0.104,-3.466E-2
60.656,0.104,-3.546E-2
60.673,0.104,-3.638E-2
60.690,0.104,-3.749E-2
60.706,0.104,-3.859E-2
60.723,0.104,-3.969E-2
60.740,0.104,-4.076E-2
60.756,0.104,-4.163E-2
60.773,0.104,-4.249E-2
60.790,0.104,-4.307E-2
60.806,0.104,-4.338E-2
60.823,0.104,-4.358E-2
60.840,0.104,-4.340E-2
60.856,0.104,-4.308E-2
60.873,0.104,-4.254E-2
60.890,0.104,-4.169E-2
60.906,0.104,-4.093E-2
60.923,0.104,-3.990E-2
60.940,0.104,-3.879E-2
60.956,0.104,-3.763E-2
60.973,0.104,-3.652E-2
60.990,0.104,-3.549E-2
61.006,0.104,-3.473E-2
61.023,0.104,-3.392E-2
61.040,0.104,-3.341E-2
61.056,0.104,-3.305E-2
61.073,0.104,-3.290E-2
61.090,0.104,-3.316E-2
61.106,0.104,-3.353E-2
61.123,0.104,-3.410E-2
61.140,0.104,-3.503E-2
61.156,0.104,-3.594E-2
61.173,0.104,-3.696E-2
61.190,0.104,-3.823E-2
61.206,0.104,-3.936E-2
61.223,0.104,-4.056E-2
61.240,0.104,-4.167E-2
61.256,0.104,-4.253E-2
61.273,0.104,-4.331E-2
61.290,0.104,-4.392E-2
61.306,0.104,-4.420E-2
61.323,0.104,-4.438E-2
61.340,0.104,-4.408E-2
61.356,0.104,-4.360E-2
61.373,0.104,-4.296E-2
61.390,0.104,-4.197E-2
61.406,0.104,-4.097E-2
61.423,0.104,-3.992E-2
61.440,0.104,-3.868E-2
61.456,0.104,-3.748E-2
61.473,0.104,-3.638E-2
61.490,0.104,-3.535E-2
61.506,0.104,-3.449E-2
61.523,0.104,-3.371E-2
61.540,0.104,-3.327E-2
61.556,0.104,-3.298E-2
61.573,0.104,-3.292E-2
61.590,0.104,-3.309E-2
61.606,0.104,-3.355E-2
61.623,0.104,-3.422E-2
61.640,0.104,-3.501E-2
61.656,0.104,-3.603E-2
61.673,0.104,-3.708E-2
61.690,0.104,-3.820E-2
61.706,0.104,-3.927E-2
61.723,0.104,-4.037E-2
61.740,0.104,-4.137E-2
61.756,0.104,-4.222E-2
61.773,0.104,-4.294E-2
61.790,0.104,-4.345E-2
61.806,0.104,-4.366E-2
61.823,0.104,-4.368E-2
61.840,0.104,-4.349E-2
61.856,0.104,-4.305E-2
61.873,0.104,-4.239E-2
61.890,0.104,-4.144E-2
61.906,0.104,-4.041E-2
61.923,0.104,-3.935E-2
61.940,0.104,-3.833E-2
61.956,0.104,-3.724E-2
61.973,0.104,-3.623E-2
61.990,0.104,-3.527E-2
62.006,0.104,-3.457E-2
62.023,0.104,-3.398E-2
62.040,0.104,-3.353E-2
62.056,0.104,-3.346E-2
62.073,0.104,-3.358E-2
62.090,0.104,-3.371E-2
62.107,0.104,-3.421E-2
62.123,0.104,-3.488E-2
62.140,0.104,-3.559E-2
62.157,0.104,-3.658E-2
62.173,0.104,-3.770E-2
62.190,0.104,-3.883E-2
62.207,0.104,-3.983E-2
62.223,0.104,-4.084E-2
62.240,0.104,-4.169E-2
62.257,0.104,-4.237E-2
62.273,0.104,-4.286E-2
62.290,0.104,-4.325E-2
62.307,0.104,-4.324E-2
62.323,0.104,-4.299E-2
62.340,0.104,-4.265E-2
62.357,0.104,-4.202E-2
62.373,0.104,-4.121E-2
62.390,0.104,-4.027E-2
62.407,0.104,-3.930E-2
62.423,0.104,-3.825E-2
62.440,0.104,-3.722E-2
62.457,0.104,-3.624E-2
62.473,0.104,-3.534E-2
62.490,0.104,-3.466E-2
62.507,0.104,-3.410E-2
62.523,0.104,-3.371E-2
62.540,0.104,-3.359E-2
62.557,0.104,-3.366E-2
62.573,0.104,-3.394E-2
62.590,0.104,-3.441E-2
62.607,0.104,-3.514E-2
62.623,0.104,-3.590E-2
62.640,0.104,-3.692E-2
62.657,0.104,-3.791E-2
62.673,0.104,-3.894E-2
62.690,0.104,-4.004E-2
62.707,0.104,-4.094E-2
62.723,0.104,-4.185E-2
62.740,0.104,-4.254E-2
62.757,0.104,-4.311E-2
62.773,0.104,-4.349E-2
62.790,0.104,-4.349E-2
62.807,0.104,-4.331E-2
62.823,0.104,-4.295E-2
62.840,0.104,-4.238E-2
62.857,0.104,-4.160E-2
62.873,0.104,-4.071E-2
62.890,0.104,-3.967E-2
62.907,0.104,-3.860E-2
62.923,0.104,-3.757E-2
62.940,0.104,-3.639E-2
62.957,0.104,-3.547E-2
62.973,0.104,-3.469E-2
62.990,0.104,-3.398E-2
63.007,0.104,-3.345E-2
63.023,0.104,-3.326E-2
63.040,0.104,-3.317E-2
63.057,0.104,-3.332E-2
63.073,0.104,-3.367E-2
63.090,0.104,-3.426E-2
63.107,0.104,-3.517E-2
63.123,0.104,-3.601E-2
63.140,0.104,-3.709E-2
63.157,0.104,-3.822E-2
63.173,0.104,-3.938E-2
63.190,0.104,-4.053E-2
63.207,0.104,-4.150E-2
63.223,0.104,-4.235E-2
63.240,0.104,-4.307E-2
63.257,0.104,-4.359E-2
63.273,0.104,-4.375E-2
63.290,0.104,-4.383E-2
63.307,0.104,-4.361E-2
63.323,0.104,-4.320E-2
63.340,0.104,-4.244E-2
63.357,0.104,-4.157E-2
63.373,0.104,-4.071E-2
63.390,0.104,-3.958E-2
63.407,0.104,-3.851E-2
63.423,0.104,-3.735E-2
63.440,0.104,-3.630E-2
63.457,0.104,-3.532E-2
63.473,0.104,-3.459E-2
63.490,0.104,-3.393E-2
63.507,0.104,-3.358E-2
63.523,0.104,-3.337E-2
63.540,0.104,-3.335E-2
63.557,0.104,-3.357E-2
63.573,0.104,-3.395E-2
63.590,0.104,-3.458E-2
63.607,0.104,-3.546E-2
63.623,0.104,-3.642E-2
63.640,0.104,-3.752E-2
63.657,0.104,-3.860E-2
63.673,0.104,-3.969E-2
