,mass A,,
t,x,y,
0.000,0.116,-3.399E-2
0.017,0.116,-3.824E-2
0.033,0.116,-4.271E-2
0.050,0.116,-4.715E-2
0.067,0.115,-5.177E-2
0.083,0.115,-5.572E-2
0.100,0.114,-5.912E-2
0.117,0.114,-6.168E-2
0.133,0.113,-6.342E-2
0.150,0.112,-6.415E-2
0.167,0.111,-6.386E-2
0.183,0.111,-6.237E-2
0.200,0.110,-5.987E-2
0.217,0.109,-5.685E-2
0.233,0.109,-5.309E-2
0.250,0.108,-4.907E-2
0.267,0.108,-4.470E-2
0.283,0.108,-4.033E-2
0.300,0.108,-3.618E-2
0.317,0.108,-3.226E-2
0.333,0.108,-2.904E-2
0.350,0.108,-2.603E-2
0.367,0.108,-2.414E-2
0.383,0.108,-2.284E-2
0.400,0.109,-2.208E-2
0.417,0.109,-2.238E-2
0.433,0.109,-2.343E-2
0.450,0.110,-2.498E-2
0.467,0.110,-2.773E-2
0.483,0.110,-3.087E-2
0.500,0.111,-3.462E-2
0.517,0.111,-3.869E-2
0.533,0.112,-4.286E-2
0.550,0.112,-4.721E-2
0.567,0.113,-5.147E-2
0.583,0.113,-5.535E-2
0.600,0.113,-5.853E-2
0.617,0.114,-6.108E-2
0.633,0.114,-6.272E-2
0.650,0.114,-6.352E-2
0.667,0.115,-6.303E-2
0.683,0.115,-6.163E-2
0.700,0.115,-5.930E-2
0.717,0.115,-5.627E-2
0.733,0.114,-5.260E-2
0.750,0.114,-4.874E-2
0.767,0.114,-4.442E-2
0.783,0.113,-4.025E-2
0.800,0.113,-3.621E-2
0.817,0.113,-3.243E-2
0.833,0.112,-2.914E-2
0.850,0.112,-2.652E-2
0.867,0.111,-2.484E-2
0.883,0.111,-2.373E-2
0.900,0.110,-2.337E-2
0.917,0.110,-2.395E-2
0.933,0.109,-2.525E-2
0.950,0.109,-2.730E-2
0.967,0.108,-2.991E-2
0.983,0.108,-3.314E-2
1.000,0.107,-3.672E-2
1.017,0.107,-4.065E-2
1.033,0.107,-4.495E-2
1.050,0.107,-4.890E-2
1.067,0.107,-5.273E-2
1.083,0.107,-5.628E-2
1.100,0.107,-5.884E-2
1.117,0.108,-6.077E-2
1.133,0.108,-6.189E-2
1.150,0.109,-6.195E-2
1.167,0.110,-6.119E-2
1.183,0.110,-5.923E-2
1.200,0.111,-5.668E-2
1.217,0.112,-5.330E-2
1.233,0.113,-4.965E-2
1.250,0.114,-4.579E-2
1.267,0.114,-4.173E-2
1.283,0.115,-3.780E-2
1.300,0.115,-3.422E-2
1.317,0.116,-3.095E-2
1.333,0.116,-2.827E-2
1.350,0.116,-2.621E-2
1.367,0.116,-2.494E-2
1.383,0.116,-2.432E-2
1.400,0.116,-2.449E-2
1.417,0.116,-2.535E-2
1.433,0.116,-2.712E-2
1.450,0.115,-2.934E-2
1.467,0.115,-3.228E-2
1.483,0.114,-3.609E-2
1.500,0.113,-3.980E-2
1.517,0.113,-4.364E-2
1.533,0.112,-4.792E-2
1.550,0.111,-5.191E-2
1.567,0.111,-5.527E-2
1.584,0.110,-5.818E-2
1.600,0.109,-6.024E-2
1.617,0.108,-6.157E-2
1.634,0.108,-6.191E-2
1.650,0.107,-6.134E-2
1.667,0.107,-5.979E-2
1.684,0.107,-5.748E-2
1.700,0.107,-5.452E-2
1.717,0.107,-5.092E-2
1.734,0.108,-4.707E-2
1.750,0.108,-4.311E-2
1.767,0.108,-3.912E-2
1.784,0.109,-3.535E-2
1.800,0.109,-3.201E-2
1.817,0.110,-2.877E-2
1.834,0.111,-2.638E-2
1.850,0.111,-2.449E-2
1.867,0.112,-2.371E-2
1.884,0.112,-2.342E-2
1.900,0.113,-2.374E-2
1.917,0.114,-2.481E-2
1.934,0.114,-2.691E-2
1.950,0.115,-2.964E-2
1.967,0.115,-3.314E-2
1.984,0.115,-3.700E-2
2.000,0.116,-4.131E-2
2.017,0.116,-4.555E-2
2.034,0.116,-4.985E-2
2.050,0.116,-5.379E-2
2.067,0.115,-5.743E-2
2.084,0.115,-6.031E-2
2.100,0.115,-6.228E-2
2.117,0.114,-6.330E-2
2.134,0.114,-6.342E-2
2.150,0.113,-6.249E-2
2.167,0.112,-6.056E-2
2.184,0.112,-5.784E-2
2.200,0.111,-5.447E-2
2.217,0.110,-5.063E-2
2.234,0.110,-4.645E-2
2.250,0.109,-4.215E-2
2.267,0.109,-3.800E-2
2.284,0.108,-3.412E-2
2.300,0.108,-3.090E-2
2.317,0.108,-2.798E-2
2.334,0.108,-2.587E-2
2.350,0.107,-2.413E-2
2.367,0.107,-2.340E-2
2.384,0.107,-2.329E-2
2.400,0.108,-2.399E-2
2.417,0.108,-2.525E-2
2.434,0.108,-2.719E-2
2.450,0.108,-2.993E-2
2.467,0.108,-3.347E-2
2.484,0.109,-3.715E-2
2.500,0.109,-4.136E-2
2.517,0.110,-4.532E-2
2.534,0.110,-4.951E-2
2.550,0.111,-5.301E-2
2.567,0.111,-5.647E-2
2.584,0.112,-5.915E-2
2.600,0.113,-6.103E-2
2.617,0.113,-6.197E-2
2.634,0.114,-6.189E-2
2.650,0.114,-6.089E-2
2.667,0.115,-5.922E-2
2.684,0.115,-5.656E-2
2.700,0.115,-5.359E-2
2.717,0.115,-4.975E-2
2.734,0.115,-4.586E-2
2.750,0.115,-4.180E-2
2.767,0.115,-3.805E-2
2.784,0.115,-3.436E-2
2.800,0.114,-3.098E-2
2.817,0.114,-2.841E-2
2.834,0.113,-2.631E-2
2.850,0.113,-2.503E-2
2.867,0.112,-2.461E-2
2.884,0.112,-2.477E-2
2.900,0.111,-2.545E-2
2.917,0.111,-2.711E-2
2.934,0.110,-2.955E-2
2.950,0.109,-3.258E-2
2.967,0.109,-3.567E-2
2.984,0.108,-3.919E-2
3.000,0.108,-4.308E-2
3.017,0.108,-4.685E-2
3.034,0.107,-5.057E-2
3.050,0.107,-5.394E-2
3.067,0.107,-5.678E-2
3.084,0.107,-5.891E-2
3.100,0.107,-6.028E-2
3.117,0.108,-6.063E-2
3.134,0.108,-6.007E-2
3.150,0.109,-5.871E-2
3.167,0.109,-5.643E-2
3.184,0.110,-5.355E-2
3.200,0.111,-5.021E-2
3.217,0.112,-4.649E-2
3.234,0.112,-4.285E-2
3.250,0.113,-3.914E-2
3.267,0.114,-3.548E-2
3.284,0.114,-3.230E-2
3.300,0.115,-2.938E-2
3.317,0.115,-2.743E-2
3.334,0.116,-2.596E-2
3.350,0.116,-2.515E-2
3.367,0.116,-2.508E-2
3.384,0.116,-2.569E-2
3.400,0.116,-2.704E-2
3.417,0.116,-2.915E-2
3.434,0.116,-3.195E-2
3.450,0.116,-3.525E-2
3.467,0.115,-3.889E-2
3.484,0.115,-4.264E-2
3.500,0.114,-4.666E-2
3.517,0.114,-5.040E-2
3.534,0.113,-5.387E-2
3.550,0.112,-5.670E-2
3.567,0.111,-5.905E-2
3.584,0.111,-6.054E-2
3.600,0.110,-6.115E-2
3.617,0.109,-6.090E-2
3.634,0.109,-5.969E-2
3.650,0.108,-5.775E-2
3.667,0.108,-5.493E-2
3.684,0.107,-5.176E-2
3.700,0.107,-4.808E-2
3.717,0.107,-4.430E-2
3.734,0.107,-4.030E-2
3.750,0.108,-3.651E-2
3.767,0.108,-3.326E-2
3.784,0.108,-3.002E-2
3.800,0.109,-2.759E-2
3.817,0.109,-2.533E-2
3.834,0.110,-2.440E-2
3.850,0.110,-2.375E-2
3.867,0.111,-2.412E-2
3.884,0.111,-2.492E-2
3.900,0.112,-2.662E-2
3.917,0.112,-2.906E-2
3.934,0.113,-3.169E-2
3.950,0.114,-3.516E-2
3.967,0.114,-3.914E-2
3.984,0.114,-4.315E-2
4.000,0.115,-4.753E-2
4.017,0.115,-5.153E-2
4.034,0.115,-5.508E-2
4.050,0.115,-5.813E-2
4.067,0.115,-6.047E-2
4.084,0.115,-6.201E-2
4.100,0.115,-6.260E-2
4.117,0.115,-6.211E-2
4.134,0.114,-6.070E-2
4.150,0.114,-5.849E-2
4.167,0.113,-5.551E-2
4.184,0.113,-5.203E-2
4.200,0.112,-4.819E-2
4.217,0.112,-4.390E-2
4.234,0.111,-4.001E-2
4.250,0.110,-3.606E-2
4.267,0.110,-3.268E-2
4.284,0.109,-2.962E-2
4.300,0.109,-2.731E-2
4.317,0.108,-2.568E-2
4.334,0.108,-2.458E-2
4.350,0.108,-2.421E-2
4.367,0.107,-2.460E-2
4.384,0.107,-2.581E-2
4.400,0.107,-2.781E-2
4.417,0.107,-2.992E-2
4.434,0.107,-3.280E-2
4.450,0.107,-3.583E-2
4.467,0.107,-3.971E-2
4.484,0.108,-4.381E-2
4.500,0.108,-4.735E-2
4.517,0.109,-5.114E-2
4.534,0.109,-5.419E-2
4.550,0.110,-5.679E-2
4.567,0.111,-5.876E-2
4.584,0.111,-6.015E-2
4.600,0.112,-6.065E-2
4.617,0.113,-6.010E-2
4.634,0.113,-5.879E-2
4.650,0.114,-5.666E-2
4.667,0.115,-5.405E-2
4.684,0.115,-5.075E-2
4.701,0.116,-4.728E-2
4.717,0.116,-4.353E-2
4.734,0.116,-3.989E-2
4.751,0.116,-3.630E-2
4.767,0.116,-3.309E-2
4.784,0.116,-3.043E-2
4.801,0.115,-2.821E-2
4.817,0.115,-2.675E-2
4.834,0.115,-2.604E-2
4.851,0.114,-2.592E-2
4.867,0.114,-2.654E-2
4.884,0.113,-2.778E-2
4.901,0.112,-2.978E-2
4.917,0.112,-3.234E-2
4.934,0.111,-3.553E-2
4.951,0.110,-3.894E-2
4.967,0.110,-4.258E-2
4.984,0.109,-4.626E-2
5.001,0.108,-4.957E-2
5.017,0.108,-5.294E-2
5.034,0.107,-5.556E-2
5.051,0.107,-5.786E-2
5.067,0.107,-5.927E-2
5.084,0.107,-5.999E-2
5.101,0.107,-5.979E-2
5.117,0.107,-5.866E-2
5.134,0.108,-5.668E-2
5.151,0.108,-5.426E-2
5.167,0.109,-5.118E-2
5.184,0.110,-4.774E-2
5.201,0.110,-4.436E-2
5.217,0.111,-4.051E-2
5.234,0.112,-3.703E-2
5.251,0.112,-3.385E-2
5.267,0.113,-3.096E-2
5.284,0.114,-2.868E-2
5.301,0.114,-2.714E-2
5.317,0.115,-2.626E-2
5.334,0.115,-2.604E-2
5.351,0.116,-2.640E-2
5.367,0.116,-2.747E-2
5.384,0.116,-2.922E-2
5.401,0.116,-3.177E-2
5.417,0.116,-3.463E-2
5.434,0.116,-3.796E-2
5.451,0.116,-4.171E-2
5.467,0.116,-4.536E-2
5.484,0.115,-4.906E-2
5.501,0.115,-5.254E-2
5.517,0.114,-5.542E-2
5.534,0.114,-5.780E-2
5.551,0.113,-5.940E-2
5.567,0.112,-6.035E-2
5.584,0.111,-6.031E-2
5.601,0.110,-5.951E-2
5.617,0.110,-5.790E-2
5.634,0.109,-5.546E-2
5.651,0.108,-5.259E-2
5.667,0.108,-4.919E-2
5.684,0.108,-4.542E-2
5.701,0.108,-4.168E-2
5.717,0.108,-3.818E-2
5.734,0.108,-3.471E-2
5.751,0.108,-3.168E-2
5.767,0.108,-2.919E-2
5.784,0.108,-2.700E-2
5.801,0.108,-2.549E-2
5.817,0.108,-2.481E-2
5.834,0.108,-2.494E-2
5.851,0.109,-2.543E-2
5.867,0.109,-2.660E-2
5.884,0.110,-2.845E-2
5.901,0.110,-3.121E-2
5.917,0.111,-3.437E-2
5.934,0.111,-3.748E-2
5.951,0.112,-4.156E-2
5.967,0.112,-4.541E-2
5.984,0.113,-4.927E-2
6.001,0.113,-5.275E-2
6.017,0.114,-5.587E-2
6.034,0.114,-5.842E-2
6.051,0.115,-6.024E-2
6.067,0.115,-6.118E-2
6.084,0.115,-6.111E-2
6.101,0.115,-6.034E-2
6.117,0.115,-5.850E-2
6.134,0.115,-5.612E-2
6.151,0.114,-5.294E-2
6.167,0.114,-4.954E-2
6.184,0.114,-4.587E-2
6.201,0.113,-4.194E-2
6.217,0.113,-3.823E-2
6.234,0.112,-3.454E-2
6.251,0.112,-3.135E-2
6.267,0.111,-2.907E-2
6.284,0.110,-2.695E-2
6.301,0.110,-2.600E-2
6.317,0.109,-2.535E-2
6.334,0.109,-2.580E-2
6.351,0.108,-2.663E-2
6.367,0.108,-2.774E-2
6.384,0.107,-2.997E-2
6.401,0.107,-3.254E-2
6.417,0.107,-3.538E-2
6.434,0.107,-3.917E-2
6.451,0.107,-4.278E-2
6.467,0.107,-4.651E-2
6.484,0.107,-4.952E-2
6.501,0.107,-5.271E-2
6.517,0.108,-5.522E-2
6.534,0.108,-5.737E-2
6.551,0.109,-5.880E-2
6.567,0.110,-5.951E-2
6.584,0.111,-5.921E-2
6.601,0.111,-5.819E-2
6.617,0.112,-5.633E-2
6.634,0.113,-5.405E-2
6.651,0.114,-5.112E-2
6.667,0.114,-4.796E-2
6.684,0.115,-4.466E-2
6.701,0.115,-4.124E-2
6.717,0.116,-3.774E-2
6.734,0.116,-3.482E-2
6.751,0.116,-3.212E-2
6.767,0.116,-2.993E-2
6.784,0.116,-2.843E-2
6.801,0.116,-2.743E-2
6.817,0.116,-2.717E-2
6.834,0.116,-2.748E-2
6.851,0.115,-2.859E-2
6.867,0.115,-3.020E-2
6.884,0.114,-3.237E-2
6.901,0.114,-3.508E-2
6.917,0.113,-3.813E-2
6.934,0.112,-4.150E-2
6.951,0.111,-4.504E-2
6.967,0.110,-4.821E-2
6.984,0.110,-5.130E-2
7.001,0.109,-5.402E-2
7.017,0.108,-5.625E-2
7.034,0.108,-5.778E-2
7.051,0.107,-5.856E-2
7.067,0.107,-5.865E-2
7.084,0.107,-5.788E-2
7.101,0.107,-5.620E-2
7.117,0.107,-5.410E-2
7.134,0.107,-5.145E-2
7.151,0.108,-4.836E-2
7.167,0.108,-4.507E-2
7.184,0.109,-4.147E-2
7.201,0.110,-3.844E-2
7.217,0.110,-3.512E-2
7.234,0.111,-3.227E-2
7.251,0.112,-2.987E-2
7.267,0.112,-2.816E-2
7.284,0.113,-2.705E-2
7.301,0.114,-2.667E-2
7.317,0.114,-2.688E-2
7.334,0.114,-2.767E-2
7.351,0.115,-2.917E-2
7.367,0.115,-3.133E-2
7.384,0.116,-3.409E-2
7.401,0.116,-3.712E-2
7.417,0.116,-4.037E-2
7.434,0.116,-4.398E-2
7.451,0.116,-4.757E-2
7.467,0.116,-5.100E-2
7.484,0.115,-5.399E-2
7.501,0.115,-5.653E-2
7.517,0.114,-5.831E-2
7.534,0.114,-5.952E-2
7.551,0.113,-5.984E-2
7.567,0.112,-5.926E-2
7.584,0.112,-5.804E-2
7.601,0.111,-5.595E-2
7.617,0.110,-5.332E-2
7.634,0.110,-5.015E-2
7.651,0.109,-4.670E-2
7.667,0.109,-4.319E-2
7.684,0.108,-4.001E-2
7.701,0.108,-3.654E-2
7.717,0.108,-3.352E-2
7.734,0.108,-3.087E-2
7.751,0.108,-2.861E-2
7.768,0.108,-2.687E-2
7.784,0.108,-2.591E-2
7.801,0.108,-2.572E-2
7.818,0.108,-2.587E-2
7.834,0.108,-2.683E-2
7.851,0.108,-2.837E-2
7.868,0.109,-3.058E-2
7.884,0.109,-3.314E-2
7.901,0.110,-3.637E-2
7.918,0.110,-3.990E-2
7.934,0.111,-4.354E-2
7.951,0.111,-4.719E-2
7.968,0.112,-5.060E-2
7.984,0.112,-5.344E-2
8.001,0.113,-5.608E-2
8.018,0.113,-5.801E-2
8.034,0.114,-5.924E-2
8.051,0.114,-5.972E-2
8.068,0.115,-5.930E-2
8.084,0.115,-5.810E-2
8.101,0.115,-5.617E-2
8.118,0.115,-5.355E-2
8.134,0.115,-5.055E-2
8.151,0.115,-4.729E-2
8.168,0.115,-4.361E-2
8.184,0.114,-3.998E-2
8.201,0.114,-3.678E-2
8.218,0.114,-3.346E-2
8.234,0.113,-3.097E-2
8.251,0.113,-2.885E-2
8.268,0.112,-2.756E-2
8.284,0.112,-2.659E-2
8.301,0.111,-2.633E-2
8.318,0.110,-2.694E-2
8.334,0.110,-2.802E-2
8.351,0.109,-3.000E-2
8.368,0.109,-3.210E-2
8.384,0.108,-3.480E-2
8.401,0.108,-3.782E-2
8.418,0.108,-4.094E-2
8.434,0.107,-4.411E-2
8.451,0.107,-4.768E-2
8.468,0.107,-5.097E-2
8.484,0.107,-5.360E-2
8.501,0.107,-5.569E-2
8.518,0.108,-5.726E-2
8.534,0.108,-5.803E-2
8.551,0.109,-5.799E-2
8.568,0.109,-5.725E-2
8.584,0.110,-5.575E-2
8.601,0.111,-5.384E-2
8.618,0.112,-5.117E-2
8.634,0.112,-4.831E-2
8.651,0.113,-4.538E-2
8.668,0.114,-4.213E-2
8.684,0.115,-3.895E-2
8.701,0.115,-3.595E-2
8.718,0.116,-3.337E-2
8.734,0.116,-3.120E-2
8.751,0.116,-2.951E-2
8.768,0.116,-2.860E-2
8.784,0.117,-2.820E-2
8.801,0.117,-2.832E-2
8.818,0.116,-2.908E-2
8.834,0.116,-3.046E-2
8.851,0.116,-3.250E-2
8.868,0.115,-3.494E-2
8.884,0.115,-3.764E-2
8.901,0.114,-4.089E-2
8.918,0.114,-4.398E-2
8.934,0.113,-4.718E-2
8.951,0.112,-5.021E-2
8.968,0.111,-5.275E-2
8.984,0.111,-5.507E-2
9.001,0.110,-5.667E-2
9.018,0.109,-5.765E-2
9.034,0.108,-5.795E-2
9.051,0.108,-5.745E-2
9.068,0.108,-5.618E-2
9.084,0.107,-5.424E-2
9.101,0.107,-5.170E-2
9.118,0.107,-4.895E-2
9.134,0.107,-4.580E-2
9.151,0.108,-4.270E-2
9.168,0.108,-3.952E-2
9.184,0.108,-3.633E-2
9.201,0.109,-3.363E-2
9.218,0.110,-3.104E-2
9.234,0.110,-2.933E-2
9.251,0.111,-2.816E-2
9.268,0.111,-2.738E-2
9.284,0.112,-2.742E-2
9.301,0.112,-2.796E-2
9.318,0.113,-2.918E-2
9.334,0.113,-3.118E-2
9.351,0.114,-3.357E-2
9.368,0.114,-3.649E-2
9.384,0.115,-3.979E-2
9.401,0.115,-4.319E-2
9.418,0.115,-4.656E-2
9.434,0.115,-4.993E-2
9.451,0.115,-5.303E-2
9.468,0.115,-5.559E-2
9.484,0.115,-5.760E-2
9.501,0.115,-5.889E-2
9.518,0.114,-5.943E-2
9.534,0.114,-5.920E-2
9.551,0.113,-5.816E-2
9.568,0.113,-5.634E-2
9.584,0.112,-5.404E-2
9.601,0.112,-5.129E-2
9.618,0.111,-4.819E-2
9.634,0.110,-4.474E-2
9.651,0.110,-4.122E-2
9.668,0.110,-3.784E-2
9.684,0.109,-3.489E-2
9.701,0.109,-3.227E-2
9.718,0.108,-3.040E-2
9.734,0.108,-2.856E-2
9.751,0.108,-2.719E-2
9.768,0.108,-2.690E-2
9.784,0.108,-2.685E-2
9.801,0.108,-2.751E-2
9.818,0.108,-2.884E-2
9.834,0.108,-3.052E-2
9.851,0.108,-3.281E-2
9.868,0.108,-3.603E-2
9.884,0.109,-3.912E-2
9.901,0.109,-4.237E-2
9.918,0.109,-4.566E-2
9.934,0.110,-4.891E-2
9.951,0.110,-5.194E-2
9.968,0.111,-5.434E-2
9.984,0.112,-5.644E-2
10.001,0.112,-5.802E-2
10.018,0.113,-5.869E-2
10.034,0.113,-5.860E-2
10.051,0.114,-5.775E-2
10.068,0.114,-5.617E-2
10.084,0.115,-5.399E-2
10.101,0.115,-5.132E-2
10.118,0.115,-4.832E-2
10.134,0.115,-4.513E-2
10.151,0.115,-4.174E-2
10.168,0.115,-3.847E-2
10.184,0.115,-3.559E-2
10.201,0.115,-3.283E-2
10.218,0.114,-3.088E-2
10.234,0.114,-2.920E-2
10.251,0.114,-2.814E-2
10.268,0.113,-2.781E-2
10.284,0.113,-2.798E-2
10.301,0.112,-2.889E-2
10.318,0.111,-3.012E-2
10.334,0.111,-3.228E-2
10.351,0.110,-3.454E-2
10.368,0.110,-3.750E-2
10.384,0.109,-4.036E-2
10.401,0.109,-4.336E-2
10.418,0.108,-4.655E-2
10.434,0.108,-4.940E-2
10.451,0.108,-5.199E-2
10.468,0.108,-5.420E-2
10.484,0.108,-5.583E-2
10.501,0.108,-5.683E-2
10.518,0.108,-5.692E-2
10.534,0.108,-5.649E-2
10.551,0.109,-5.521E-2
10.568,0.109,-5.351E-2
10.584,0.110,-5.124E-2
10.601,0.110,-4.856E-2
10.618,0.111,-4.565E-2
10.634,0.112,-4.271E-2
10.651,0.113,-3.976E-2
10.668,0.113,-3.699E-2
10.684,0.114,-3.443E-2
10.701,0.115,-3.233E-2
10.718,0.115,-3.075E-2
10.734,0.115,-2.956E-2
10.751,0.116,-2.909E-2
10.768,0.116,-2.908E-2
10.784,0.116,-2.972E-2
10.801,0.116,-3.092E-2
10.818,0.116,-3.262E-2
10.834,0.116,-3.490E-2
10.851,0.116,-3.744E-2
10.868,0.116,-4.017E-2
10.885,0.115,-4.326E-2
10.901,0.115,-4.627E-2
10.918,0.114,-4.929E-2
10.935,0.113,-5.189E-2
10.951,0.113,-5.407E-2
10.968,0.112,-5.565E-2
10.985,0.111,-5.668E-2
11.001,0.110,-5.715E-2
11.018,0.110,-5.678E-2
11.035,0.109,-5.580E-2
11.051,0.108,-5.410E-2
11.068,0.108,-5.195E-2
11.085,0.108,-4.937E-2
11.101,0.107,-4.650E-2
11.118,0.107,-4.340E-2
11.135,0.107,-4.042E-2
11.151,0.108,-3.755E-2
11.168,0.108,-3.476E-2
11.185,0.108,-3.240E-2
11.201,0.108,-3.065E-2
11.218,0.109,-2.915E-2
11.235,0.109,-2.829E-2
11.251,0.110,-2.800E-2
11.268,0.110,-2.836E-2
11.285,0.111,-2.927E-2
11.301,0.111,-3.067E-2
11.318,0.112,-3.291E-2
11.335,0.112,-3.541E-2
11.351,0.113,-3.845E-2
11.368,0.113,-4.161E-2
11.385,0.114,-4.490E-2
11.401,0.114,-4.823E-2
11.418,0.114,-5.124E-2
11.435,0.115,-5.377E-2
11.451,0.115,-5.593E-2
11.468,0.115,-5.749E-2
11.485,0.115,-5.825E-2
11.501,0.115,-5.831E-2
11.518,0.114,-5.762E-2
11.535,0.114,-5.629E-2
11.551,0.114,-5.434E-2
11.568,0.113,-5.190E-2
11.585,0.113,-4.899E-2
11.601,0.112,-4.599E-2
11.618,0.112,-4.261E-2
11.635,0.111,-3.946E-2
11.651,0.111,-3.639E-2
11.668,0.110,-3.394E-2
11.685,0.110,-3.163E-2
11.701,0.109,-2.992E-2
11.718,0.109,-2.864E-2
11.735,0.108,-2.788E-2
11.751,0.108,-2.768E-2
11.768,0.108,-2.817E-2
11.785,0.108,-2.927E-2
11.801,0.108,-3.104E-2
11.818,0.108,-3.290E-2
11.835,0.107,-3.528E-2
11.851,0.108,-3.790E-2
11.868,0.108,-4.124E-2
11.885,0.108,-4.436E-2
11.901,0.108,-4.721E-2
11.918,0.109,-5.025E-2
11.935,0.109,-5.288E-2
11.951,0.110,-5.490E-2
11.968,0.111,-5.660E-2
11.985,0.111,-5.738E-2
12.001,0.112,-5.763E-2
12.018,0.113,-5.709E-2
12.035,0.113,-5.580E-2
12.051,0.114,-5.398E-2
12.068,0.114,-5.164E-2
12.085,0.115,-4.896E-2
12.101,0.115,-4.597E-2
12.118,0.115,-4.282E-2
12.135,0.115,-3.968E-2
12.151,0.116,-3.684E-2
12.168,0.116,-3.414E-2
12.185,0.115,-3.216E-2
12.201,0.115,-3.040E-2
12.218,0.115,-2.925E-2
12.235,0.115,-2.888E-2
12.251,0.114,-2.887E-2
12.268,0.114,-2.949E-2
12.285,0.113,-3.062E-2
12.301,0.113,-3.218E-2
12.318,0.112,-3.444E-2
12.335,0.111,-3.713E-2
12.351,0.111,-3.965E-2
12.368,0.110,-4.279E-2
12.385,0.110,-4.564E-2
12.401,0.109,-4.850E-2
12.418,0.109,-5.104E-2
12.435,0.108,-5.303E-2
12.451,0.108,-5.462E-2
12.468,0.108,-5.579E-2
12.485,0.108,-5.608E-2
12.501,0.108,-5.578E-2
12.518,0.108,-5.475E-2
12.535,0.108,-5.316E-2
12.551,0.109,-5.106E-2
12.568,0.109,-4.861E-2
12.585,0.110,-4.599E-2
12.601,0.110,-4.333E-2
12.618,0.111,-4.042E-2
12.635,0.112,-3.794E-2
12.651,0.112,-3.539E-2
12.668,0.113,-3.326E-2
12.685,0.113,-3.174E-2
12.701,0.114,-3.054E-2
12.718,0.114,-2.982E-2
12.735,0.115,-2.976E-2
12.751,0.115,-3.028E-2
12.768,0.115,-3.120E-2
12.785,0.115,-3.262E-2
12.801,0.115,-3.463E-2
12.818,0.115,-3.694E-2
12.835,0.115,-3.969E-2
12.851,0.115,-4.257E-2
12.868,0.115,-4.546E-2
12.885,0.115,-4.816E-2
12.901,0.114,-5.075E-2
12.918,0.114,-5.292E-2
12.935,0.113,-5.455E-2
12.951,0.113,-5.570E-2
12.968,0.112,-5.627E-2
12.985,0.111,-5.616E-2
13.001,0.111,-5.518E-2
13.018,0.110,-5.376E-2
13.035,0.110,-5.187E-2
13.051,0.109,-4.945E-2
13.068,0.109,-4.675E-2
13.085,0.108,-4.381E-2
13.101,0.108,-4.084E-2
13.118,0.108,-3.816E-2
13.135,0.108,-3.543E-2
13.151,0.108,-3.297E-2
13.168,0.108,-3.133E-2
13.185,0.108,-2.987E-2
13.201,0.108,-2.882E-2
13.218,0.108,-2.848E-2
13.235,0.109,-2.875E-2
13.251,0.109,-2.913E-2
13.268,0.109,-3.063E-2
13.285,0.110,-3.235E-2
13.301,0.110,-3.456E-2
13.318,0.111,-3.716E-2
13.335,0.111,-4.019E-2
13.351,0.112,-4.343E-2
13.368,0.112,-4.659E-2
13.385,0.113,-4.949E-2
13.401,0.113,-5.215E-2
13.418,0.113,-5.434E-2
13.435,0.114,-5.604E-2
13.451,0.114,-5.714E-2
13.468,0.114,-5.763E-2
13.485,0.115,-5.729E-2
13.501,0.115,-5.616E-2
13.518,0.114,-5.441E-2
13.535,0.114,-5.233E-2
13.551,0.114,-4.958E-2
13.568,0.114,-4.661E-2
13.585,0.113,-4.367E-2
13.601,0.113,-4.044E-2
13.618,0.113,-3.754E-2
13.635,0.112,-3.496E-2
13.651,0.112,-3.264E-2
13.668,0.111,-3.085E-2
13.685,0.111,-2.953E-2
13.701,0.110,-2.869E-2
13.718,0.110,-2.849E-2
13.735,0.109,-2.880E-2
13.751,0.109,-2.952E-2
13.768,0.109,-3.107E-2
13.785,0.108,-3.265E-2
13.801,0.108,-3.479E-2
13.818,0.108,-3.753E-2
13.835,0.108,-3.991E-2
13.851,0.108,-4.270E-2
13.868,0.108,-4.580E-2
13.885,0.108,-4.850E-2
13.901,0.108,-5.106E-2
13.918,0.109,-5.323E-2
13.935,0.109,-5.485E-2
13.951,0.110,-5.591E-2
13.968,0.110,-5.624E-2
13.985,0.111,-5.597E-2
14.002,0.112,-5.507E-2
14.018,0.112,-5.360E-2
14.035,0.113,-5.150E-2
14.052,0.114,-4.909E-2
14.068,0.114,-4.662E-2
14.085,0.114,-4.357E-2
14.102,0.115,-4.075E-2
14.118,0.115,-3.804E-2
14.135,0.115,-3.554E-2
14.152,0.116,-3.338E-2
14.168,0.116,-3.164E-2
14.185,0.116,-3.059E-2
14.202,0.115,-2.987E-2
14.218,0.115,-2.978E-2
14.235,0.115,-3.020E-2
14.252,0.115,-3.124E-2
14.268,0.114,-3.273E-2
14.285,0.114,-3.447E-2
14.302,0.113,-3.677E-2
14.318,0.113,-3.917E-2
14.335,0.112,-4.197E-2
14.352,0.111,-4.470E-2
14.368,0.111,-4.726E-2
14.385,0.110,-4.984E-2
14.402,0.110,-5.177E-2
14.418,0.109,-5.347E-2
14.435,0.109,-5.466E-2
14.452,0.108,-5.512E-2
14.468,0.108,-5.506E-2
14.485,0.108,-5.433E-2
14.502,0.108,-5.291E-2
14.518,0.108,-5.120E-2
14.535,0.108,-4.890E-2
14.552,0.109,-4.628E-2
14.568,0.109,-4.386E-2
14.585,0.110,-4.111E-2
14.602,0.110,-3.850E-2
14.618,0.110,-3.610E-2
14.635,0.111,-3.402E-2
14.652,0.111,-3.244E-2
14.668,0.112,-3.121E-2
14.685,0.112,-3.045E-2
14.702,0.113,-3.027E-2
14.718,0.113,-3.067E-2
14.735,0.114,-3.154E-2
14.752,0.114,-3.283E-2
14.768,0.114,-3.457E-2
14.785,0.114,-3.675E-2
14.802,0.115,-3.921E-2
14.818,0.115,-4.183E-2
14.835,0.115,-4.461E-2
14.852,0.114,-4.728E-2
14.868,0.114,-4.979E-2
14.885,0.114,-5.186E-2
14.902,0.114,-5.364E-2
14.918,0.113,-5.493E-2
14.935,0.113,-5.563E-2
14.952,0.112,-5.568E-2
14.968,0.112,-5.504E-2
14.985,0.111,-5.383E-2
15.002,0.111,-5.217E-2
15.018,0.110,-5.006E-2
15.035,0.110,-4.768E-2
15.052,0.109,-4.505E-2
15.068,0.109,-4.228E-2
15.085,0.109,-3.941E-2
15.102,0.109,-3.676E-2
15.118,0.108,-3.449E-2
15.135,0.108,-3.261E-2
15.152,0.108,-3.101E-2
15.168,0.108,-2.993E-2
15.185,0.108,-2.948E-2
15.202,0.108,-2.954E-2
15.218,0.108,-2.997E-2
15.235,0.108,-3.110E-2
15.252,0.109,-3.273E-2
15.268,0.109,-3.468E-2
15.285,0.109,-3.727E-2
15.302,0.110,-3.965E-2
15.318,0.110,-4.240E-2
15.335,0.110,-4.528E-2
15.352,0.111,-4.813E-2
15.368,0.111,-5.066E-2
15.385,0.112,-5.298E-2
15.402,0.112,-5.464E-2
15.418,0.113,-5.588E-2
15.435,0.113,-5.649E-2
15.452,0.114,-5.639E-2
15.468,0.114,-5.569E-2
15.485,0.114,-5.429E-2
15.502,0.114,-5.237E-2
15.518,0.114,-5.004E-2
15.535,0.114,-4.740E-2
15.552,0.114,-4.459E-2
15.568,0.114,-4.160E-2
15.585,0.114,-3.892E-2
15.602,0.114,-3.630E-2
15.618,0.113,-3.414E-2
15.635,0.113,-3.206E-2
15.652,0.113,-3.083E-2
15.668,0.112,-2.989E-2
15.685,0.112,-2.956E-2
15.702,0.111,-2.962E-2
15.718,0.111,-3.037E-2
15.735,0.110,-3.143E-2
15.752,0.110,-3.309E-2
15.768,0.110,-3.485E-2
15.785,0.109,-3.738E-2
15.802,0.109,-3.982E-2
15.818,0.109,-4.232E-2
15.835,0.108,-4.510E-2
15.852,0.108,-4.791E-2
15.868,0.108,-5.020E-2
15.885,0.108,-5.219E-2
15.902,0.109,-5.368E-2
15.918,0.109,-5.488E-2
15.935,0.109,-5.534E-2
15.952,0.110,-5.528E-2
15.968,0.110,-5.454E-2
15.985,0.111,-5.328E-2
16.002,0.111,-5.144E-2
16.018,0.112,-4.932E-2
16.035,0.113,-4.681E-2
16.052,0.113,-4.419E-2
16.068,0.114,-4.163E-2
16.085,0.114,-3.908E-2
16.102,0.114,-3.660E-2
16.118,0.115,-3.462E-2
16.135,0.115,-3.297E-2
16.152,0.115,-3.188E-2
16.168,0.115,-3.107E-2
16.185,0.115,-3.080E-2
16.202,0.115,-3.110E-2
16.218,0.115,-3.184E-2
16.235,0.115,-3.311E-2
16.252,0.115,-3.499E-2
16.268,0.114,-3.679E-2
16.285,0.114,-3.920E-2
16.302,0.113,-4.162E-2
16.318,0.113,-4.411E-2
16.335,0.112,-4.680E-2
16.352,0.112,-4.901E-2
16.368,0.111,-5.107E-2
16.385,0.111,-5.262E-2
16.402,0.110,-5.388E-2
16.418,0.109,-5.450E-2
16.435,0.109,-5.447E-2
16.452,0.109,-5.377E-2
16.468,0.108,-5.262E-2
16.485,0.108,-5.110E-2
16.502,0.108,-4.914E-2
16.518,0.108,-4.690E-2
16.535,0.108,-4.438E-2
16.552,0.109,-4.181E-2
16.568,0.109,-3.950E-2
16.585,0.109,-3.714E-2
16.602,0.110,-3.516E-2
16.618,0.110,-3.345E-2
16.635,0.110,-3.216E-2
16.652,0.111,-3.138E-2
16.668,0.111,-3.105E-2
16.685,0.112,-3.129E-2
16.702,0.112,-3.189E-2
16.718,0.113,-3.297E-2
16.735,0.113,-3.477E-2
16.752,0.113,-3.663E-2
16.768,0.114,-3.905E-2
16.785,0.114,-4.153E-2
16.802,0.114,-4.419E-2
16.818,0.114,-4.662E-2
16.835,0.114,-4.901E-2
16.852,0.114,-5.107E-2
16.868,0.114,-5.282E-2
16.885,0.114,-5.405E-2
16.902,0.113,-5.477E-2
16.918,0.113,-5.498E-2
16.935,0.113,-5.445E-2
16.952,0.112,-5.356E-2
16.968,0.112,-5.203E-2
16.985,0.112,-5.018E-2
17.002,0.111,-4.822E-2
17.018,0.111,-4.549E-2
17.035,0.111,-4.310E-2
17.052,0.110,-4.022E-2
17.068,0.110,-3.765E-2
17.085,0.110,-3.571E-2
17.102,0.109,-3.373E-2
17.119,0.109,-3.227E-2
17.135,0.109,-3.122E-2
17.152,0.109,-3.040E-2
17.169,0.109,-3.019E-2
17.185,0.109,-3.075E-2
17.202,0.109,-3.160E-2
17.219,0.109,-3.301E-2
17.235,0.109,-3.477E-2
17.252,0.109,-3.673E-2
17.269,0.109,-3.909E-2
17.285,0.109,-4.168E-2
17.302,0.110,-4.458E-2
17.319,0.110,-4.718E-2
17.335,0.110,-4.985E-2
17.352,0.111,-5.203E-2
17.369,0.111,-5.391E-2
17.385,0.112,-5.516E-2
17.402,0.112,-5.579E-2
17.419,0.113,-5.586E-2
17.435,0.113,-5.537E-2
17.452,0.113,-5.426E-2
17.469,0.114,-5.258E-2
17.485,0.114,-5.046E-2
17.502,0.114,-4.795E-2
17.519,0.114,-4.536E-2
17.535,0.114,-4.272E-2
17.552,0.114,-4.020E-2
17.569,0.114,-3.760E-2
17.585,0.114,-3.555E-2
17.602,0.114,-3.357E-2
17.619,0.114,-3.200E-2
17.635,0.114,-3.098E-2
17.652,0.113,-3.039E-2
17.669,0.113,-3.053E-2
17.685,0.113,-3.077E-2
17.702,0.112,-3.184E-2
17.719,0.112,-3.330E-2
17.735,0.111,-3.512E-2
17.752,0.111,-3.722E-2
17.769,0.110,-3.966E-2
17.785,0.110,-4.195E-2
17.802,0.110,-4.461E-2
17.819,0.109,-4.704E-2
17.835,0.109,-4.932E-2
17.852,0.109,-5.133E-2
17.869,0.109,-5.281E-2
17.885,0.109,-5.389E-2
17.902,0.109,-5.451E-2
17.919,0.109,-5.444E-2
17.935,0.109,-5.396E-2
17.952,0.110,-5.286E-2
17.969,0.110,-5.128E-2
17.985,0.110,-4.930E-2
18.002,0.111,-4.716E-2
18.019,0.111,-4.466E-2
18.035,0.112,-4.229E-2
18.052,0.112,-3.986E-2
18.069,0.113,-3.766E-2
18.085,0.113,-3.564E-2
18.102,0.114,-3.399E-2
18.119,0.114,-3.277E-2
18.135,0.114,-3.198E-2
18.152,0.115,-3.159E-2
18.169,0.115,-3.181E-2
18.185,0.115,-3.252E-2
18.202,0.115,-3.361E-2
18.219,0.115,-3.500E-2
18.235,0.115,-3.688E-2
18.252,0.114,-3.918E-2
18.269,0.114,-4.138E-2
18.285,0.114,-4.394E-2
18.302,0.113,-4.636E-2
18.319,0.113,-4.858E-2
18.335,0.112,-5.060E-2
18.352,0.112,-5.204E-2
18.369,0.111,-5.319E-2
18.385,0.111,-5.380E-2
18.402,0.110,-5.380E-2
18.419,0.110,-5.324E-2
18.435,0.109,-5.223E-2
18.452,0.109,-5.074E-2
18.469,0.109,-4.881E-2
18.485,0.109,-4.684E-2
18.502,0.109,-4.438E-2
18.519,0.109,-4.205E-2
18.535,0.109,-3.977E-2
18.552,0.109,-3.775E-2
18.569,0.109,-3.594E-2
18.585,0.109,-3.432E-2
18.602,0.109,-3.305E-2
18.619,0.109,-3.202E-2
18.635,0.110,-3.171E-2
18.652,0.110,-3.182E-2
18.669,0.111,-3.232E-2
18.685,0.111,-3.323E-2
18.702,0.111,-3.482E-2
18.719,0.112,-3.663E-2
18.735,0.112,-3.884E-2
18.752,0.112,-4.109E-2
18.769,0.113,-4.364E-2
18.785,0.113,-4.615E-2
18.802,0.113,-4.826E-2
18.819,0.113,-5.028E-2
18.835,0.113,-5.211E-2
18.852,0.114,-5.334E-2
18.869,0.114,-5.417E-2
18.885,0.113,-5.440E-2
18.902,0.113,-5.419E-2
18.919,0.113,-5.340E-2
18.935,0.113,-5.208E-2
18.952,0.113,-5.035E-2
18.969,0.112,-4.822E-2
18.985,0.112,-4.591E-2
19.002,0.112,-4.332E-2
19.019,0.112,-4.110E-2
19.035,0.111,-3.860E-2
19.052,0.111,-3.633E-2
19.069,0.111,-3.469E-2
19.085,0.110,-3.308E-2
19.102,0.110,-3.185E-2
19.119,0.110,-3.120E-2
19.135,0.110,-3.101E-2
19.152,0.109,-3.121E-2
19.169,0.109,-3.175E-2
19.185,0.109,-3.266E-2
19.202,0.109,-3.442E-2
19.219,0.109,-3.630E-2
19.235,0.109,-3.855E-2
19.252,0.109,-4.109E-2
19.269,0.109,-4.370E-2
19.285,0.110,-4.622E-2
19.302,0.110,-4.863E-2
19.319,0.110,-5.086E-2
19.335,0.110,-5.278E-2
19.352,0.111,-5.410E-2
19.369,0.111,-5.493E-2
19.385,0.112,-5.514E-2
19.402,0.112,-5.470E-2
19.419,0.112,-5.380E-2
19.435,0.113,-5.229E-2
19.452,0.113,-5.048E-2
19.469,0.113,-4.827E-2
19.485,0.114,-4.574E-2
19.502,0.114,-4.331E-2
19.519,0.114,-4.074E-2
19.535,0.114,-3.831E-2
19.552,0.114,-3.625E-2
19.569,0.114,-3.448E-2
19.585,0.114,-3.289E-2
19.602,0.114,-3.200E-2
19.619,0.114,-3.145E-2
19.635,0.114,-3.132E-2
19.652,0.113,-3.171E-2
19.669,0.113,-3.240E-2
19.685,0.113,-3.372E-2
19.702,0.112,-3.521E-2
19.719,0.112,-3.715E-2
19.735,0.112,-3.944E-2
19.752,0.111,-4.151E-2
19.769,0.111,-4.383E-2
19.785,0.110,-4.629E-2
19.802,0.110,-4.838E-2
19.819,0.110,-5.015E-2
19.835,0.110,-5.174E-2
19.852,0.109,-5.292E-2
19.869,0.109,-5.342E-2
19.885,0.109,-5.346E-2
19.902,0.109,-5.297E-2
19.919,0.109,-5.220E-2
19.935,0.110,-5.070E-2
19.952,0.110,-4.900E-2
19.969,0.110,-4.712E-2
19.985,0.110,-4.484E-2
20.002,0.111,-4.258E-2
20.019,0.111,-4.043E-2
20.035,0.111,-3.824E-2
20.052,0.112,-3.640E-2
20.069,0.112,-3.478E-2
20.085,0.112,-3.361E-2
20.102,0.113,-3.274E-2
20.119,0.113,-3.229E-2
20.135,0.113,-3.241E-2
20.152,0.114,-3.288E-2
20.169,0.114,-3.381E-2
20.186,0.114,-3.517E-2
20.202,0.114,-3.690E-2
20.219,0.114,-3.887E-2
20.236,0.114,-4.099E-2
20.252,0.114,-4.331E-2
20.269,0.113,-4.571E-2
20.286,0.113,-4.760E-2
20.302,0.113,-4.971E-2
20.319,0.113,-5.120E-2
20.336,0.112,-5.246E-2
20.352,0.112,-5.306E-2
20.369,0.111,-5.327E-2
20.386,0.111,-5.298E-2
20.402,0.111,-5.217E-2
20.419,0.110,-5.080E-2
20.436,0.110,-4.911E-2
20.452,0.110,-4.704E-2
20.469,0.110,-4.479E-2
20.486,0.109,-4.272E-2
20.502,0.109,-4.042E-2
20.519,0.109,-3.832E-2
20.536,0.109,-3.635E-2
20.552,0.109,-3.480E-2
20.569,0.109,-3.367E-2
20.586,0.109,-3.287E-2
20.602,0.109,-3.250E-2
20.619,0.109,-3.251E-2
20.636,0.110,-3.293E-2
20.652,0.110,-3.371E-2
20.669,0.110,-3.498E-2
20.686,0.110,-3.654E-2
20.702,0.111,-3.844E-2
20.719,0.111,-4.046E-2
20.736,0.111,-4.284E-2
20.752,0.112,-4.520E-2
20.769,0.112,-4.731E-2
20.786,0.112,-4.926E-2
20.802,0.113,-5.109E-2
20.819,0.113,-5.246E-2
20.836,0.113,-5.330E-2
20.852,0.113,-5.362E-2
20.869,0.113,-5.349E-2
20.886,0.113,-5.291E-2
20.902,0.113,-5.165E-2
20.919,0.113,-5.000E-2
20.936,0.113,-4.829E-2
20.952,0.113,-4.618E-2
20.969,0.113,-4.380E-2
20.986,0.113,-4.130E-2
21.002,0.113,-3.900E-2
21.019,0.113,-3.685E-2
21.036,0.112,-3.503E-2
21.052,0.112,-3.336E-2
21.069,0.112,-3.210E-2
21.086,0.111,-3.162E-2
21.102,0.111,-3.124E-2
21.119,0.111,-3.127E-2
21.136,0.111,-3.211E-2
21.152,0.110,-3.312E-2
21.169,0.110,-3.454E-2
21.186,0.110,-3.639E-2
21.202,0.110,-3.810E-2
21.219,0.110,-4.053E-2
21.236,0.110,-4.291E-2
21.252,0.110,-4.525E-2
21.269,0.110,-4.757E-2
21.286,0.110,-4.948E-2
21.302,0.110,-5.141E-2
21.319,0.110,-5.281E-2
21.336,0.110,-5.379E-2
21.352,0.111,-5.404E-2
21.369,0.111,-5.386E-2
21.386,0.112,-5.313E-2
21.402,0.112,-5.190E-2
21.419,0.112,-5.016E-2
21.436,0.113,-4.835E-2
21.452,0.113,-4.619E-2
21.469,0.113,-4.380E-2
21.486,0.114,-4.134E-2
21.502,0.114,-3.905E-2
21.519,0.114,-3.710E-2
21.536,0.114,-3.538E-2
21.552,0.114,-3.375E-2
21.569,0.114,-3.285E-2
21.586,0.114,-3.215E-2
21.602,0.114,-3.214E-2
21.619,0.114,-3.239E-2
21.636,0.114,-3.312E-2
21.652,0.113,-3.416E-2
21.669,0.113,-3.565E-2
21.686,0.113,-3.722E-2
21.702,0.112,-3.933E-2
21.719,0.112,-4.131E-2
21.736,0.112,-4.354E-2
21.752,0.111,-4.579E-2
21.769,0.111,-4.784E-2
21.786,0.110,-4.955E-2
21.802,0.110,-5.092E-2
21.819,0.110,-5.210E-2
21.836,0.110,-5.268E-2
21.852,0.110,-5.285E-2
21.869,0.109,-5.259E-2
21.886,0.109,-5.177E-2
21.902,0.109,-5.065E-2
21.919,0.109,-4.907E-2
21.936,0.110,-4.716E-2
21.952,0.110,-4.529E-2
21.969,0.110,-4.329E-2
21.986,0.110,-4.108E-2
22.002,0.110,-3.917E-2
22.019,0.111,-3.723E-2
22.036,0.111,-3.567E-2
22.052,0.111,-3.457E-2
22.069,0.111,-3.377E-2
22.086,0.112,-3.335E-2
22.102,0.112,-3.339E-2
22.119,0.112,-3.377E-2
22.136,0.112,-3.451E-2
22.152,0.113,-3.561E-2
22.169,0.113,-3.712E-2
22.186,0.113,-3.905E-2
22.202,0.113,-4.092E-2
22.219,0.113,-4.298E-2
22.236,0.113,-4.513E-2
22.252,0.113,-4.711E-2
22.269,0.113,-4.904E-2
22.286,0.113,-5.038E-2
22.302,0.113,-5.169E-2
22.319,0.112,-5.242E-2
22.336,0.112,-5.271E-2
22.352,0.112,-5.254E-2
22.369,0.112,-5.178E-2
22.386,0.111,-5.072E-2
22.402,0.111,-4.926E-2
22.419,0.111,-4.737E-2
22.436,0.111,-4.540E-2
22.452,0.111,-4.326E-2
22.469,0.110,-4.117E-2
22.486,0.110,-3.916E-2
22.502,0.110,-3.717E-2
22.519,0.110,-3.574E-2
22.536,0.110,-3.428E-2
22.552,0.110,-3.354E-2
22.569,0.110,-3.302E-2
22.586,0.110,-3.292E-2
22.602,0.110,-3.333E-2
22.619,0.110,-3.407E-2
22.636,0.110,-3.508E-2
22.652,0.110,-3.676E-2
22.669,0.110,-3.847E-2
22.686,0.110,-4.039E-2
22.702,0.110,-4.259E-2
22.719,0.111,-4.473E-2
22.736,0.111,-4.680E-2
22.752,0.111,-4.873E-2
22.769,0.111,-5.039E-2
22.786,0.112,-5.164E-2
22.802,0.112,-5.254E-2
22.819,0.112,-5.306E-2
22.836,0.113,-5.297E-2
22.852,0.113,-5.253E-2
22.869,0.113,-5.155E-2
22.886,0.113,-5.015E-2
22.902,0.113,-4.857E-2
22.919,0.113,-4.649E-2
22.936,0.113,-4.444E-2
22.952,0.113,-4.224E-2
22.969,0.113,-4.000E-2
22.986,0.113,-3.818E-2
23.002,0.113,-3.624E-2
23.019,0.113,-3.475E-2
23.036,0.113,-3.345E-2
23.052,0.113,-3.274E-2
23.069,0.112,-3.236E-2
23.086,0.112,-3.262E-2
23.102,0.112,-3.295E-2
23.119,0.111,-3.376E-2
23.136,0.111,-3.512E-2
23.152,0.111,-3.664E-2
23.169,0.111,-3.845E-2
23.186,0.110,-4.056E-2
23.202,0.110,-4.279E-2
23.219,0.110,-4.496E-2
23.236,0.110,-4.714E-2
23.252,0.110,-4.915E-2
23.269,0.110,-5.089E-2
23.286,0.110,-5.221E-2
23.303,0.110,-5.314E-2
23.319,0.110,-5.348E-2
23.336,0.110,-5.347E-2
23.353,0.110,-5.291E-2
23.369,0.111,-5.181E-2
23.386,0.111,-5.036E-2
23.403,0.111,-4.860E-2
23.419,0.112,-4.652E-2
23.436,0.112,-4.449E-2
23.453,0.112,-4.207E-2
23.469,0.113,-3.998E-2
23.486,0.113,-3.801E-2
23.503,0.113,-3.625E-2
23.519,0.113,-3.481E-2
23.536,0.113,-3.372E-2
23.553,0.114,-3.307E-2
23.569,0.114,-3.299E-2
23.586,0.114,-3.314E-2
23.603,0.114,-3.368E-2
23.619,0.113,-3.480E-2
23.636,0.113,-3.600E-2
23.653,0.113,-3.763E-2
23.669,0.113,-3.945E-2
23.686,0.113,-4.155E-2
23.703,0.112,-4.345E-2
23.719,0.112,-4.559E-2
23.736,0.112,-4.739E-2
23.753,0.111,-4.918E-2
23.769,0.111,-5.044E-2
23.786,0.111,-5.139E-2
23.803,0.110,-5.214E-2
23.819,0.110,-5.228E-2
23.836,0.110,-5.209E-2
23.853,0.110,-5.140E-2
23.869,0.110,-5.031E-2
23.886,0.109,-4.900E-2
23.903,0.109,-4.737E-2
23.919,0.109,-4.557E-2
23.936,0.110,-4.351E-2
23.953,0.110,-4.163E-2
23.969,0.110,-3.968E-2
23.986,0.110,-3.792E-2
24.003,0.110,-3.639E-2
24.019,0.110,-3.512E-2
24.036,0.111,-3.443E-2
24.053,0.111,-3.392E-2
24.069,0.111,-3.388E-2
24.086,0.111,-3.428E-2
24.103,0.112,-3.486E-2
24.119,0.112,-3.603E-2
24.136,0.112,-3.740E-2
24.153,0.112,-3.914E-2
24.169,0.112,-4.090E-2
24.186,0.113,-4.272E-2
24.203,0.113,-4.482E-2
24.219,0.113,-4.687E-2
24.236,0.113,-4.851E-2
24.253,0.113,-4.989E-2
24.269,0.113,-5.093E-2
24.286,0.113,-5.168E-2
24.303,0.112,-5.206E-2
24.319,0.112,-5.190E-2
24.336,0.112,-5.137E-2
24.353,0.112,-5.032E-2
24.369,0.112,-4.902E-2
24.386,0.112,-4.730E-2
24.403,0.112,-4.551E-2
24.419,0.111,-4.367E-2
24.436,0.111,-4.176E-2
24.453,0.111,-3.949E-2
24.469,0.111,-3.788E-2
24.486,0.111,-3.615E-2
24.503,0.111,-3.493E-2
24.519,0.111,-3.414E-2
24.536,0.111,-3.355E-2
24.553,0.110,-3.356E-2
24.569,0.110,-3.371E-2
24.586,0.110,-3.440E-2
24.603,0.110,-3.566E-2
24.619,0.110,-3.683E-2
24.636,0.110,-3.860E-2
24.653,0.110,-4.059E-2
24.669,0.110,-4.235E-2
24.686,0.110,-4.451E-2
24.703,0.110,-4.655E-2
24.719,0.111,-4.831E-2
24.736,0.111,-4.977E-2
24.753,0.111,-5.114E-2
24.769,0.111,-5.201E-2
24.786,0.111,-5.242E-2
24.803,0.112,-5.239E-2
24.819,0.112,-5.196E-2
24.836,0.112,-5.106E-2
24.853,0.112,-4.991E-2
24.869,0.113,-4.828E-2
24.886,0.113,-4.644E-2
24.903,0.113,-4.448E-2
24.919,0.113,-4.243E-2
24.936,0.113,-4.047E-2
24.953,0.113,-3.869E-2
24.969,0.113,-3.687E-2
24.986,0.113,-3.544E-2
25.003,0.113,-3.421E-2
25.019,0.113,-3.331E-2
25.036,0.113,-3.303E-2
25.053,0.113,-3.298E-2
25.069,0.113,-3.341E-2
25.086,0.113,-3.397E-2
25.103,0.112,-3.528E-2
25.119,0.112,-3.672E-2
25.136,0.112,-3.833E-2
25.153,0.111,-4.026E-2
25.169,0.111,-4.243E-2
25.186,0.111,-4.450E-2
25.203,0.111,-4.649E-2
25.219,0.110,-4.834E-2
25.236,0.110,-5.002E-2
25.253,0.110,-5.137E-2
25.269,0.110,-5.228E-2
25.286,0.110,-5.278E-2
25.303,0.110,-5.285E-2
25.319,0.110,-5.232E-2
25.336,0.110,-5.149E-2
25.353,0.110,-5.018E-2
25.369,0.110,-4.850E-2
25.386,0.111,-4.665E-2
25.403,0.111,-4.461E-2
25.419,0.111,-4.258E-2
25.436,0.111,-4.044E-2
25.453,0.112,-3.864E-2
25.469,0.112,-3.695E-2
25.486,0.112,-3.554E-2
25.503,0.112,-3.458E-2
25.519,0.113,-3.386E-2
25.536,0.113,-3.344E-2
25.553,0.113,-3.354E-2
25.569,0.113,-3.401E-2
25.586,0.113,-3.495E-2
25.603,0.113,-3.618E-2
25.619,0.113,-3.766E-2
25.636,0.113,-3.923E-2
25.653,0.113,-4.120E-2
25.669,0.113,-4.306E-2
25.686,0.113,-4.487E-2
25.703,0.112,-4.677E-2
25.719,0.112,-4.835E-2
25.736,0.112,-4.965E-2
25.753,0.112,-5.060E-2
25.769,0.111,-5.115E-2
25.786,0.111,-5.147E-2
25.803,0.111,-5.115E-2
25.819,0.111,-5.057E-2
25.836,0.110,-4.963E-2
25.853,0.110,-4.836E-2
25.869,0.110,-4.697E-2
25.886,0.110,-4.518E-2
25.903,0.110,-4.334E-2
25.919,0.110,-4.169E-2
25.936,0.110,-3.991E-2
25.953,0.110,-3.811E-2
25.969,0.110,-3.680E-2
25.986,0.110,-3.586E-2
26.003,0.110,-3.488E-2
26.019,0.110,-3.455E-2
26.036,0.110,-3.436E-2
26.053,0.110,-3.458E-2
26.069,0.111,-3.518E-2
26.086,0.111,-3.607E-2
26.103,0.111,-3.734E-2
26.119,0.111,-3.878E-2
26.136,0.112,-4.050E-2
26.153,0.112,-4.252E-2
26.169,0.112,-4.425E-2
26.186,0.112,-4.601E-2
26.203,0.112,-4.757E-2
26.219,0.112,-4.903E-2
26.236,0.112,-5.027E-2
26.253,0.113,-5.083E-2
26.269,0.113,-5.116E-2
26.286,0.113,-5.121E-2
26.303,0.113,-5.055E-2
26.319,0.113,-4.959E-2
26.336,0.113,-4.839E-2
26.353,0.112,-4.703E-2
26.369,0.112,-4.525E-2
26.386,0.112,-4.334E-2
26.403,0.112,-4.163E-2
26.420,0.112,-3.975E-2
26.436,0.112,-3.814E-2
26.453,0.112,-3.679E-2
26.470,0.112,-3.542E-2
26.486,0.111,-3.462E-2
26.503,0.111,-3.414E-2
26.520,0.111,-3.380E-2
26.536,0.111,-3.411E-2
26.553,0.111,-3.480E-2
26.570,0.111,-3.561E-2
26.586,0.111,-3.698E-2
26.603,0.110,-3.841E-2
26.620,0.110,-4.035E-2
26.636,0.110,-4.213E-2
26.653,0.110,-4.396E-2
26.670,0.110,-4.593E-2
26.686,0.110,-4.775E-2
26.703,0.110,-4.914E-2
26.720,0.111,-5.037E-2
26.736,0.111,-5.119E-2
26.753,0.111,-5.161E-2
26.770,0.111,-5.169E-2
26.786,0.111,-5.126E-2
26.803,0.112,-5.039E-2
26.820,0.112,-4.919E-2
26.836,0.112,-4.796E-2
26.853,0.112,-4.610E-2
26.870,0.113,-4.431E-2
26.886,0.113,-4.237E-2
26.903,0.113,-4.067E-2
26.920,0.113,-3.880E-2
26.936,0.113,-3.713E-2
26.953,0.113,-3.580E-2
26.970,0.113,-3.480E-2
26.986,0.113,-3.403E-2
27.003,0.113,-3.346E-2
27.020,0.113,-3.336E-2
27.036,0.113,-3.377E-2
27.053,0.113,-3.423E-2
27.070,0.113,-3.531E-2
27.086,0.113,-3.663E-2
27.103,0.112,-3.825E-2
27.120,0.112,-3.999E-2
27.136,0.112,-4.183E-2
27.153,0.112,-4.378E-2
27.170,0.111,-4.564E-2
27.186,0.111,-4.744E-2
27.203,0.111,-4.905E-2
27.220,0.111,-5.035E-2
27.236,0.110,-5.120E-2
27.253,0.110,-5.167E-2
27.270,0.110,-5.182E-2
27.286,0.110,-5.135E-2
27.303,0.110,-5.057E-2
27.320,0.110,-4.939E-2
27.336,0.110,-4.783E-2
27.353,0.110,-4.626E-2
27.370,0.110,-4.455E-2
27.386,0.110,-4.256E-2
27.403,0.110,-4.054E-2
27.420,0.111,-3.870E-2
27.436,0.111,-3.726E-2
27.453,0.111,-3.593E-2
27.470,0.111,-3.483E-2
27.486,0.111,-3.407E-2
27.503,0.112,-3.370E-2
27.520,0.112,-3.376E-2
27.536,0.112,-3.413E-2
27.553,0.112,-3.480E-2
27.570,0.112,-3.607E-2
27.586,0.113,-3.735E-2
27.603,0.113,-3.899E-2
27.620,0.113,-4.100E-2
27.636,0.113,-4.273E-2
27.653,0.113,-4.457E-2
27.670,0.113,-4.628E-2
27.686,0.112,-4.798E-2
27.703,0.112,-4.916E-2
27.720,0.112,-5.003E-2
27.736,0.112,-5.069E-2
27.753,0.112,-5.096E-2
27.770,0.112,-5.080E-2
27.786,0.111,-5.018E-2
27.803,0.111,-4.938E-2
27.820,0.111,-4.802E-2
27.836,0.111,-4.659E-2
27.853,0.111,-4.490E-2
27.870,0.111,-4.323E-2
27.886,0.110,-4.163E-2
27.903,0.110,-3.997E-2
27.920,0.110,-3.876E-2
27.936,0.110,-3.733E-2
27.953,0.110,-3.632E-2
27.970,0.110,-3.550E-2
27.986,0.110,-3.508E-2
28.003,0.110,-3.505E-2
28.020,0.110,-3.534E-2
28.036,0.110,-3.594E-2
28.053,0.110,-3.663E-2
28.070,0.110,-3.782E-2
28.086,0.110,-3.907E-2
28.103,0.111,-4.059E-2
28.120,0.111,-4.225E-2
28.136,0.111,-4.392E-2
28.153,0.111,-4.572E-2
28.170,0.111,-4.715E-2
28.186,0.112,-4.857E-2
28.203,0.112,-4.962E-2
28.220,0.112,-5.030E-2
28.236,0.112,-5.061E-2
28.253,0.113,-5.053E-2
28.270,0.113,-5.015E-2
28.286,0.113,-4.932E-2
28.303,0.113,-4.825E-2
28.320,0.113,-4.679E-2
28.336,0.113,-4.527E-2
28.353,0.113,-4.357E-2
28.370,0.113,-4.184E-2
28.386,0.113,-3.998E-2
28.403,0.113,-3.846E-2
28.420,0.113,-3.719E-2
28.436,0.113,-3.587E-2
28.453,0.112,-3.511E-2
28.470,0.112,-3.462E-2
28.486,0.112,-3.456E-2
28.503,0.112,-3.473E-2
28.520,0.112,-3.524E-2
28.536,0.111,-3.607E-2
28.553,0.111,-3.728E-2
28.570,0.111,-3.868E-2
28.586,0.111,-4.027E-2
28.603,0.111,-4.211E-2
28.620,0.110,-4.386E-2
28.636,0.110,-4.572E-2
28.653,0.110,-4.731E-2
28.670,0.110,-4.875E-2
28.686,0.110,-4.987E-2
28.703,0.110,-5.073E-2
28.720,0.110,-5.122E-2
28.736,0.110,-5.123E-2
28.753,0.111,-5.097E-2
28.770,0.111,-5.018E-2
28.786,0.111,-4.915E-2
28.803,0.111,-4.775E-2
28.820,0.111,-4.614E-2
28.836,0.112,-4.444E-2
28.853,0.112,-4.264E-2
28.870,0.112,-4.082E-2
28.886,0.112,-3.901E-2
28.903,0.113,-3.739E-2
28.920,0.113,-3.626E-2
28.936,0.113,-3.522E-2
28.953,0.113,-3.460E-2
28.970,0.113,-3.426E-2
28.986,0.113,-3.394E-2
29.003,0.113,-3.447E-2
29.020,0.113,-3.497E-2
29.036,0.113,-3.581E-2
29.053,0.113,-3.711E-2
29.070,0.113,-3.830E-2
29.086,0.112,-4.002E-2
29.103,0.112,-4.189E-2
29.120,0.112,-4.374E-2
29.136,0.112,-4.555E-2
29.153,0.112,-4.727E-2
29.170,0.111,-4.868E-2
29.186,0.111,-4.987E-2
29.203,0.111,-5.081E-2
29.220,0.111,-5.135E-2
29.236,0.110,-5.139E-2
29.253,0.110,-5.119E-2
29.270,0.110,-5.044E-2
29.286,0.110,-4.941E-2
29.303,0.110,-4.799E-2
29.320,0.110,-4.646E-2
29.336,0.110,-4.481E-2
29.353,0.110,-4.302E-2
29.370,0.110,-4.126E-2
29.386,0.110,-3.945E-2
29.403,0.110,-3.797E-2
29.420,0.110,-3.658E-2
29.436,0.110,-3.571E-2
29.453,0.111,-3.500E-2
29.470,0.111,-3.451E-2
29.486,0.111,-3.474E-2
29.503,0.111,-3.506E-2
29.520,0.111,-3.568E-2
29.537,0.111,-3.654E-2
29.553,0.112,-3.791E-2
29.570,0.112,-3.929E-2
29.587,0.112,-4.090E-2
29.603,0.112,-4.278E-2
29.620,0.112,-4.426E-2
29.637,0.112,-4.604E-2
29.653,0.112,-4.728E-2
29.670,0.112,-4.857E-2
29.687,0.112,-4.958E-2
29.703,0.112,-5.020E-2
29.720,0.112,-5.044E-2
29.737,0.112,-5.032E-2
29.753,0.112,-4.977E-2
29.770,0.112,-4.882E-2
29.787,0.112,-4.782E-2
29.803,0.112,-4.643E-2
29.820,0.112,-4.506E-2
29.837,0.112,-4.345E-2
29.853,0.112,-4.183E-2
29.870,0.111,-4.031E-2
29.887,0.111,-3.896E-2
29.903,0.111,-3.778E-2
29.920,0.111,-3.655E-2
29.937,0.111,-3.602E-2
29.953,0.111,-3.577E-2
29.970,0.110,-3.559E-2
29.987,0.110,-3.595E-2
30.003,0.110,-3.641E-2
30.020,0.110,-3.726E-2
30.037,0.110,-3.826E-2
30.053,0.110,-3.953E-2
30.070,0.110,-4.093E-2
30.087,0.110,-4.239E-2
30.103,0.110,-4.399E-2
30.120,0.110,-4.534E-2
30.137,0.111,-4.686E-2
30.153,0.111,-4.800E-2
30.170,0.111,-4.893E-2
30.187,0.111,-4.968E-2
30.203,0.111,-4.990E-2
30.220,0.112,-4.993E-2
30.237,0.112,-4.957E-2
30.253,0.112,-4.889E-2
30.270,0.112,-4.795E-2
30.287,0.113,-4.655E-2
30.303,0.113,-4.506E-2
30.320,0.113,-4.348E-2
30.337,0.113,-4.198E-2
30.353,0.113,-4.021E-2
30.370,0.113,-3.874E-2
30.387,0.113,-3.731E-2
30.403,0.113,-3.622E-2
30.420,0.113,-3.533E-2
30.437,0.113,-3.495E-2
30.453,0.113,-3.484E-2
30.470,0.113,-3.489E-2
30.487,0.113,-3.537E-2
30.503,0.112,-3.626E-2
30.520,0.112,-3.729E-2
30.537,0.112,-3.865E-2
30.553,0.111,-4.023E-2
30.570,0.111,-4.195E-2
30.587,0.111,-4.356E-2
30.603,0.111,-4.528E-2
30.620,0.110,-4.678E-2
30.637,0.110,-4.833E-2
30.653,0.110,-4.939E-2
30.670,0.110,-5.025E-2
30.687,0.110,-5.081E-2
30.703,0.110,-5.078E-2
30.720,0.110,-5.048E-2
30.737,0.110,-4.985E-2
30.753,0.110,-4.878E-2
30.770,0.110,-4.764E-2
30.787,0.111,-4.617E-2
30.803,0.111,-4.450E-2
30.820,0.111,-4.275E-2
30.837,0.111,-4.107E-2
30.853,0.111,-3.949E-2
30.870,0.112,-3.797E-2
30.887,0.112,-3.663E-2
30.903,0.112,-3.571E-2
30.920,0.112,-3.482E-2
30.937,0.112,-3.470E-2
30.953,0.113,-3.452E-2
30.970,0.113,-3.485E-2
30.987,0.113,-3.550E-2
31.003,0.113,-3.624E-2
31.020,0.113,-3.738E-2
31.037,0.113,-3.892E-2
31.053,0.113,-4.051E-2
31.070,0.113,-4.197E-2
31.087,0.112,-4.373E-2
31.103,0.112,-4.550E-2
31.120,0.112,-4.680E-2
31.137,0.112,-4.815E-2
31.153,0.112,-4.938E-2
31.170,0.111,-5.021E-2
31.187,0.111,-5.073E-2
31.203,0.111,-5.092E-2
31.220,0.111,-5.076E-2
31.237,0.111,-5.015E-2
31.253,0.110,-4.918E-2
31.270,0.110,-4.793E-2
31.287,0.110,-4.640E-2
31.303,0.110,-4.491E-2
31.320,0.110,-4.316E-2
31.337,0.110,-4.149E-2
31.353,0.110,-3.989E-2
31.370,0.110,-3.833E-2
31.387,0.110,-3.720E-2
31.403,0.110,-3.637E-2
31.420,0.110,-3.548E-2
31.437,0.110,-3.520E-2
31.453,0.110,-3.512E-2
31.470,0.111,-3.552E-2
31.487,0.111,-3.606E-2
31.503,0.111,-3.694E-2
31.520,0.111,-3.825E-2
31.537,0.111,-3.946E-2
31.553,0.111,-4.093E-2
31.570,0.112,-4.240E-2
31.587,0.112,-4.414E-2
31.603,0.112,-4.556E-2
31.620,0.112,-4.693E-2
31.637,0.112,-4.806E-2
31.653,0.112,-4.911E-2
31.670,0.113,-4.965E-2
31.687,0.113,-4.989E-2
31.703,0.113,-4.980E-2
31.720,0.113,-4.933E-2
31.737,0.113,-4.865E-2
31.753,0.113,-4.748E-2
31.770,0.113,-4.645E-2
31.787,0.113,-4.497E-2
31.803,0.113,-4.352E-2
31.820,0.113,-4.192E-2
31.837,0.112,-4.065E-2
31.853,0.112,-3.922E-2
31.870,0.112,-3.815E-2
31.887,0.112,-3.728E-2
31.903,0.112,-3.667E-2
31.920,0.111,-3.631E-2
31.937,0.111,-3.634E-2
31.953,0.111,-3.648E-2
31.970,0.111,-3.703E-2
31.987,0.111,-3.781E-2
32.003,0.111,-3.862E-2
32.020,0.111,-3.985E-2
32.037,0.110,-4.115E-2
32.053,0.110,-4.272E-2
32.070,0.110,-4.408E-2
32.087,0.110,-4.540E-2
32.103,0.110,-4.668E-2
32.120,0.110,-4.787E-2
32.137,0.110,-4.862E-2
32.153,0.111,-4.933E-2
32.170,0.111,-4.947E-2
32.187,0.111,-4.954E-2
32.203,0.111,-4.913E-2
32.220,0.111,-4.845E-2
32.237,0.112,-4.752E-2
32.253,0.112,-4.634E-2
32.270,0.112,-4.504E-2
32.287,0.112,-4.368E-2
32.303,0.113,-4.227E-2
32.320,0.113,-4.074E-2
32.337,0.113,-3.931E-2
32.353,0.113,-3.817E-2
32.370,0.113,-3.698E-2
32.387,0.113,-3.628E-2
32.403,0.113,-3.580E-2
32.420,0.113,-3.557E-2
32.437,0.113,-3.566E-2
32.453,0.113,-3.617E-2
32.470,0.113,-3.677E-2
32.487,0.113,-3.786E-2
32.503,0.113,-3.914E-2
32.520,0.112,-4.063E-2
32.537,0.112,-4.220E-2
32.553,0.112,-4.386E-2
32.570,0.111,-4.540E-2
32.587,0.111,-4.683E-2
32.604,0.111,-4.825E-2
32.620,0.111,-4.928E-2
32.637,0.110,-5.009E-2
32.654,0.110,-5.044E-2
32.670,0.110,-5.053E-2
32.687,0.110,-5.036E-2
32.704,0.110,-4.963E-2
32.720,0.110,-4.871E-2
32.737,0.110,-4.747E-2
32.754,0.110,-4.607E-2
32.770,0.110,-4.445E-2
32.787,0.110,-4.277E-2
32.804,0.110,-4.142E-2
32.820,0.110,-3.991E-2
32.837,0.111,-3.852E-2
32.854,0.111,-3.733E-2
32.870,0.111,-3.637E-2
32.887,0.111,-3.568E-2
32.904,0.111,-3.529E-2
32.920,0.112,-3.533E-2
32.937,0.112,-3.559E-2
32.954,0.112,-3.600E-2
32.970,0.112,-3.678E-2
32.987,0.113,-3.783E-2
33.004,0.113,-3.936E-2
33.020,0.113,-4.061E-2
33.037,0.113,-4.208E-2
33.054,0.113,-4.371E-2
33.070,0.113,-4.524E-2
33.087,0.113,-4.659E-2
33.104,0.113,-4.791E-2
33.120,0.113,-4.899E-2
33.137,0.112,-4.981E-2
33.154,0.112,-5.020E-2
33.170,0.112,-5.036E-2
33.187,0.112,-5.005E-2
33.204,0.112,-4.950E-2
33.220,0.111,-4.865E-2
33.237,0.111,-4.757E-2
33.254,0.111,-4.626E-2
33.270,0.111,-4.482E-2
33.287,0.111,-4.337E-2
33.304,0.111,-4.173E-2
33.320,0.110,-4.038E-2
33.337,0.110,-3.895E-2
33.354,0.110,-3.775E-2
33.370,0.110,-3.679E-2
33.387,0.110,-3.611E-2
33.404,0.110,-3.565E-2
33.420,0.110,-3.562E-2
33.437,0.110,-3.593E-2
33.454,0.110,-3.644E-2
33.470,0.110,-3.729E-2
33.487,0.111,-3.823E-2
33.504,0.111,-3.941E-2
33.520,0.111,-4.100E-2
33.537,0.111,-4.237E-2
33.554,0.111,-4.374E-2
33.570,0.112,-4.514E-2
33.587,0.112,-4.636E-2
33.604,0.112,-4.749E-2
33.620,0.112,-4.851E-2
33.637,0.112,-4.899E-2
33.654,0.113,-4.927E-2
33.670,0.113,-4.912E-2
33.687,0.113,-4.877E-2
33.704,0.113,-4.799E-2
33.720,0.113,-4.708E-2
33.737,0.113,-4.587E-2
33.754,0.113,-4.460E-2
33.770,0.113,-4.321E-2
33.787,0.113,-4.197E-2
33.804,0.113,-4.060E-2
33.820,0.113,-3.936E-2
33.837,0.113,-3.835E-2
33.854,0.113,-3.761E-2
33.870,0.112,-3.707E-2
33.887,0.112,-3.673E-2
33.904,0.112,-3.672E-2
33.920,0.112,-3.692E-2
33.937,0.111,-3.749E-2
33.954,0.111,-3.825E-2
33.970,0.111,-3.911E-2
33.987,0.111,-4.040E-2
34.004,0.111,-4.159E-2
34.020,0.110,-4.296E-2
34.037,0.110,-4.427E-2
34.054,0.110,-4.567E-2
34.070,0.110,-4.672E-2
34.087,0.110,-4.765E-2
34.104,0.110,-4.835E-2
34.120,0.110,-4.896E-2
34.137,0.110,-4.920E-2
34.154,0.110,-4.900E-2
34.170,0.110,-4.875E-2
34.187,0.111,-4.805E-2
34.204,0.111,-4.706E-2
34.220,0.111,-4.596E-2
34.237,0.111,-4.469E-2
34.254,0.112,-4.331E-2
34.270,0.112,-4.195E-2
34.287,0.112,-4.052E-2
34.304,0.112,-3.913E-2
34.320,0.113,-3.798E-2
34.337,0.113,-3.703E-2
34.354,0.113,-3.625E-2
34.370,0.113,-3.591E-2
34.387,0.113,-3.558E-2
34.404,0.113,-3.580E-2
34.420,0.113,-3.622E-2
34.437,0.113,-3.688E-2
34.454,0.113,-3.773E-2
34.470,0.113,-3.910E-2
34.487,0.113,-4.043E-2
34.504,0.113,-4.206E-2
34.520,0.113,-4.357E-2
34.537,0.112,-4.511E-2
34.554,0.112,-4.659E-2
34.570,0.112,-4.788E-2
34.587,0.111,-4.887E-2
34.604,0.111,-4.973E-2
34.620,0.111,-5.012E-2
34.637,0.110,-5.011E-2
34.654,0.110,-4.980E-2
34.670,0.110,-4.923E-2
34.687,0.110,-4.836E-2
34.704,0.110,-4.719E-2
34.720,0.110,-4.592E-2
34.737,0.110,-4.432E-2
34.754,0.110,-4.275E-2
34.770,0.110,-4.129E-2
34.787,0.110,-3.970E-2
34.804,0.110,-3.866E-2
34.820,0.110,-3.737E-2
34.837,0.110,-3.653E-2
34.854,0.110,-3.583E-2
34.870,0.111,-3.550E-2
34.887,0.111,-3.547E-2
34.904,0.111,-3.573E-2
34.920,0.112,-3.622E-2
34.937,0.112,-3.700E-2
34.954,0.112,-3.802E-2
34.970,0.112,-3.924E-2
34.987,0.112,-4.064E-2
35.004,0.113,-4.214E-2
35.020,0.113,-4.348E-2
35.037,0.113,-4.512E-2
35.054,0.113,-4.644E-2
35.070,0.113,-4.764E-2
35.087,0.113,-4.871E-2
35.104,0.113,-4.935E-2
35.120,0.113,-4.974E-2
35.137,0.113,-4.995E-2
35.154,0.113,-4.968E-2
35.170,0.113,-4.912E-2
35.187,0.112,-4.839E-2
35.204,0.112,-4.736E-2
35.220,0.112,-4.605E-2
35.237,0.112,-4.468E-2
35.254,0.111,-4.323E-2
35.270,0.111,-4.183E-2
35.287,0.111,-4.052E-2
35.304,0.111,-3.923E-2
35.320,0.111,-3.823E-2
35.337,0.110,-3.742E-2
35.354,0.110,-3.678E-2
35.370,0.110,-3.653E-2
35.387,0.110,-3.640E-2
35.404,0.110,-3.667E-2
35.420,0.110,-3.727E-2
35.437,0.110,-3.775E-2
35.454,0.110,-3.879E-2
35.470,0.110,-4.000E-2
35.487,0.110,-4.113E-2
35.504,0.110,-4.262E-2
35.520,0.111,-4.399E-2
35.537,0.111,-4.530E-2
35.554,0.111,-4.653E-2
35.570,0.111,-4.750E-2
35.587,0.111,-4.829E-2
35.604,0.112,-4.876E-2
35.620,0.112,-4.899E-2
35.637,0.112,-4.891E-2
35.654,0.113,-4.853E-2
35.670,0.113,-4.783E-2
35.687,0.113,-4.702E-2
35.704,0.113,-4.577E-2
35.721,0.113,-4.464E-2
35.737,0.113,-4.313E-2
35.754,0.114,-4.190E-2
35.771,0.114,-4.069E-2
35.787,0.114,-3.950E-2
35.804,0.113,-3.871E-2
35.821,0.113,-3.785E-2
35.837,0.113,-3.743E-2
35.854,0.113,-3.723E-2
35.871,0.113,-3.726E-2
35.887,0.112,-3.746E-2
35.904,0.112,-3.794E-2
35.921,0.112,-3.866E-2
35.937,0.112,-3.966E-2
35.954,0.111,-4.067E-2
35.971,0.111,-4.191E-2
35.987,0.111,-4.306E-2
36.004,0.110,-4.427E-2
36.021,0.110,-4.543E-2
36.037,0.110,-4.659E-2
36.054,0.110,-4.737E-2
36.071,0.110,-4.820E-2
36.087,0.110,-4.856E-2
36.104,0.110,-4.869E-2
36.121,0.110,-4.863E-2
36.137,0.110,-4.824E-2
36.154,0.110,-4.749E-2
36.171,0.110,-4.650E-2
36.187,0.110,-4.543E-2
36.204,0.111,-4.446E-2
36.221,0.111,-4.286E-2
36.237,0.111,-4.163E-2
36.254,0.111,-4.037E-2
36.271,0.112,-3.915E-2
36.287,0.112,-3.807E-2
36.304,0.112,-3.729E-2
36.321,0.112,-3.660E-2
36.337,0.113,-3.616E-2
36.354,0.113,-3.598E-2
36.371,0.113,-3.610E-2
36.387,0.113,-3.662E-2
36.404,0.113,-3.716E-2
36.421,0.113,-3.813E-2
36.437,0.113,-3.915E-2
36.454,0.113,-4.053E-2
36.471,0.113,-4.199E-2
36.487,0.113,-4.341E-2
36.504,0.113,-4.489E-2
36.521,0.113,-4.634E-2
36.537,0.112,-4.751E-2
36.554,0.112,-4.856E-2
36.571,0.112,-4.918E-2
36.587,0.112,-4.963E-2
36.604,0.111,-4.966E-2
36.621,0.111,-4.946E-2
36.637,0.111,-4.887E-2
36.654,0.111,-4.809E-2
36.671,0.110,-4.701E-2
36.687,0.110,-4.558E-2
36.704,0.110,-4.436E-2
36.721,0.110,-4.272E-2
36.737,0.110,-4.148E-2
36.754,0.110,-4.006E-2
36.771,0.110,-3.882E-2
36.787,0.110,-3.780E-2
36.804,0.110,-3.702E-2
36.821,0.110,-3.633E-2
36.837,0.110,-3.593E-2
36.854,0.110,-3.574E-2
36.871,0.110,-3.591E-2
36.887,0.111,-3.637E-2
36.904,0.111,-3.716E-2
36.921,0.111,-3.806E-2
36.937,0.112,-3.940E-2
36.954,0.112,-4.041E-2
36.971,0.112,-4.171E-2
36.987,0.112,-4.304E-2
37.004,0.113,-4.451E-2
37.021,0.113,-4.578E-2
37.037,0.113,-4.694E-2
37.054,0.113,-4.786E-2
37.071,0.113,-4.874E-2
37.087,0.114,-4.906E-2
37.104,0.114,-4.922E-2
37.121,0.114,-4.895E-2
37.137,0.114,-4.848E-2
37.154,0.113,-4.778E-2
37.171,0.113,-4.677E-2
37.187,0.113,-4.575E-2
37.204,0.113,-4.465E-2
37.221,0.113,-4.322E-2
37.237,0.112,-4.188E-2
37.254,0.112,-4.061E-2
37.271,0.112,-3.946E-2
37.287,0.112,-3.857E-2
37.304,0.111,-3.776E-2
37.321,0.111,-3.719E-2
37.337,0.111,-3.692E-2
37.354,0.110,-3.692E-2
37.371,0.110,-3.719E-2
37.387,0.110,-3.777E-2
37.404,0.110,-3.830E-2
37.421,0.110,-3.930E-2
37.437,0.110,-4.024E-2
37.454,0.110,-4.140E-2
37.471,0.110,-4.266E-2
37.487,0.110,-4.396E-2
37.504,0.110,-4.491E-2
37.521,0.110,-4.609E-2
37.537,0.110,-4.700E-2
37.554,0.111,-4.765E-2
37.571,0.111,-4.808E-2
37.587,0.111,-4.821E-2
37.604,0.112,-4.823E-2
37.621,0.112,-4.777E-2
37.637,0.112,-4.706E-2
37.654,0.113,-4.627E-2
37.671,0.113,-4.527E-2
37.687,0.113,-4.426E-2
37.704,0.113,-4.304E-2
37.721,0.114,-4.179E-2
37.737,0.114,-4.067E-2
37.754,0.114,-3.962E-2
37.771,0.114,-3.877E-2
37.787,0.114,-3.816E-2
37.804,0.114,-3.759E-2
37.821,0.114,-3.739E-2
37.837,0.113,-3.756E-2
37.854,0.113,-3.772E-2
37.871,0.113,-3.824E-2
37.887,0.113,-3.888E-2
37.904,0.112,-3.979E-2
37.921,0.112,-4.086E-2
37.937,0.111,-4.215E-2
37.954,0.111,-4.319E-2
37.971,0.111,-4.447E-2
37.987,0.110,-4.547E-2
38.004,0.110,-4.666E-2
38.021,0.110,-4.745E-2
38.037,0.110,-4.809E-2
38.054,0.109,-4.854E-2
38.071,0.109,-4.860E-2
38.087,0.109,-4.842E-2
38.104,0.109,-4.793E-2
38.121,0.109,-4.738E-2
38.137,0.109,-4.664E-2
38.154,0.110,-4.542E-2
38.171,0.110,-4.423E-2
38.187,0.110,-4.300E-2
38.204,0.110,-4.172E-2
38.221,0.111,-4.063E-2
38.237,0.111,-3.930E-2
38.254,0.111,-3.839E-2
38.271,0.111,-3.762E-2
38.287,0.112,-3.713E-2
38.304,0.112,-3.685E-2
38.321,0.112,-3.677E-2
38.337,0.112,-3.693E-2
38.354,0.113,-3.740E-2
38.371,0.113,-3.799E-2
38.387,0.113,-3.879E-2
38.404,0.113,-4.001E-2
38.421,0.113,-4.105E-2
38.437,0.113,-4.240E-2
38.454,0.113,-4.377E-2
38.471,0.113,-4.509E-2
38.487,0.113,-4.645E-2
38.504,0.113,-4.773E-2
38.521,0.113,-4.857E-2
38.537,0.112,-4.924E-2
38.554,0.112,-4.971E-2
38.571,0.112,-4.978E-2
38.587,0.112,-4.954E-2
38.604,0.111,-4.889E-2
38.621,0.111,-4.818E-2
38.637,0.111,-4.712E-2
38.654,0.110,-4.585E-2
38.671,0.110,-4.457E-2
38.687,0.110,-4.317E-2
38.704,0.110,-4.161E-2
38.721,0.110,-4.033E-2
38.737,0.110,-3.907E-2
38.754,0.110,-3.822E-2
38.771,0.110,-3.710E-2
38.787,0.110,-3.646E-2
38.804,0.110,-3.620E-2
38.821,0.110,-3.634E-2
38.838,0.110,-3.631E-2
38.854,0.110,-3.697E-2
38.871,0.110,-3.769E-2
38.888,0.111,-3.848E-2
38.904,0.111,-3.956E-2
38.921,0.111,-4.079E-2
38.938,0.111,-4.216E-2
38.954,0.112,-4.335E-2
38.971,0.112,-4.442E-2
38.988,0.112,-4.564E-2
39.004,0.112,-4.674E-2
39.021,0.113,-4.766E-2
39.038,0.113,-4.826E-2
39.054,0.113,-4.857E-2
39.071,0.113,-4.876E-2
39.088,0.113,-4.860E-2
39.104,0.114,-4.820E-2
39.121,0.114,-4.744E-2
39.138,0.114,-4.668E-2
39.154,0.114,-4.564E-2
39.171,0.114,-4.451E-2
39.188,0.113,-4.320E-2
39.204,0.113,-4.206E-2
39.221,0.113,-4.091E-2
39.238,0.113,-3.990E-2
39.254,0.113,-3.896E-2
39.271,0.112,-3.824E-2
39.288,0.112,-3.760E-2
39.304,0.112,-3.748E-2
39.321,0.111,-3.736E-2
39.338,0.111,-3.767E-2
39.354,0.110,-3.806E-2
39.371,0.110,-3.877E-2
39.388,0.110,-3.963E-2
39.404,0.110,-4.055E-2
39.421,0.110,-4.162E-2
39.438,0.109,-4.289E-2
39.454,0.109,-4.390E-2
39.471,0.109,-4.500E-2
39.488,0.109,-4.591E-2
39.504,0.109,-4.683E-2
39.521,0.110,-4.729E-2
39.538,0.110,-4.750E-2
39.554,0.110,-4.780E-2
39.571,0.110,-4.768E-2
39.588,0.111,-4.719E-2
39.604,0.111,-4.672E-2
39.621,0.111,-4.587E-2
39.638,0.112,-4.485E-2
39.654,0.112,-4.395E-2
39.671,0.113,-4.277E-2
39.688,0.113,-4.169E-2
39.704,0.113,-4.069E-2
39.721,0.113,-3.977E-2
39.738,0.114,-3.887E-2
39.754,0.114,-3.823E-2
39.771,0.114,-3.785E-2
39.788,0.114,-3.775E-2
39.804,0.114,-3.772E-2
39.821,0.114,-3.799E-2
39.838,0.114,-3.856E-2
39.854,0.113,-3.926E-2
39.871,0.113,-4.019E-2
39.888,0.113,-4.132E-2
39.904,0.112,-4.237E-2
39.921,0.112,-4.362E-2
39.938,0.112,-4.461E-2
39.954,0.111,-4.574E-2
39.971,0.111,-4.667E-2
39.988,0.110,-4.748E-2
40.004,0.110,-4.791E-2
40.021,0.110,-4.831E-2
40.038,0.109,-4.835E-2
40.054,0.109,-4.820E-2
40.071,0.109,-4.780E-2
40.088,0.109,-4.713E-2
40.104,0.109,-4.624E-2
40.121,0.109,-4.525E-2
40.138,0.109,-4.425E-2
40.154,0.109,-4.300E-2
40.171,0.109,-4.166E-2
40.188,0.110,-4.059E-2
40.204,0.110,-3.950E-2
40.221,0.110,-3.843E-2
40.238,0.111,-3.769E-2
40.254,0.111,-3.706E-2
40.271,0.111,-3.664E-2
40.288,0.112,-3.668E-2
40.304,0.112,-3.676E-2
40.321,0.112,-3.725E-2
40.338,0.113,-3.796E-2
40.354,0.113,-3.877E-2
40.371,0.113,-3.988E-2
40.388,0.113,-4.102E-2
40.404,0.113,-4.223E-2
40.421,0.114,-4.359E-2
40.438,0.114,-4.481E-2
40.454,0.114,-4.615E-2
40.471,0.114,-4.712E-2
40.488,0.114,-4.806E-2
40.504,0.113,-4.869E-2
40.521,0.113,-4.911E-2
40.538,0.113,-4.922E-2
40.554,0.113,-4.902E-2
40.571,0.112,-4.855E-2
40.588,0.112,-4.793E-2
40.604,0.112,-4.692E-2
40.621,0.111,-4.579E-2
40.638,0.111,-4.455E-2
40.654,0.111,-4.307E-2
40.671,0.110,-4.169E-2
40.688,0.110,-4.045E-2
40.704,0.110,-3.919E-2
40.721,0.110,-3.835E-2
40.738,0.110,-3.748E-2
40.754,0.110,-3.704E-2
40.771,0.110,-3.668E-2
40.788,0.110,-3.665E-2
40.804,0.110,-3.687E-2
40.821,0.110,-3.708E-2
40.838,0.110,-3.777E-2
40.854,0.110,-3.851E-2
40.871,0.110,-3.940E-2
40.888,0.110,-4.050E-2
40.904,0.111,-4.167E-2
40.921,0.111,-4.300E-2
40.938,0.111,-4.419E-2
40.954,0.112,-4.536E-2
40.971,0.112,-4.623E-2
40.988,0.112,-4.707E-2
41.004,0.113,-4.759E-2
41.021,0.113,-4.783E-2
41.038,0.113,-4.794E-2
41.054,0.113,-4.781E-2
41.071,0.114,-4.732E-2
41.088,0.114,-4.675E-2
41.104,0.114,-4.594E-2
41.121,0.114,-4.506E-2
41.138,0.114,-4.406E-2
41.154,0.114,-4.291E-2
41.171,0.114,-4.187E-2
41.188,0.114,-4.077E-2
41.204,0.113,-3.988E-2
41.221,0.113,-3.905E-2
41.238,0.113,-3.841E-2
41.254,0.112,-3.801E-2
41.271,0.112,-3.775E-2
41.288,0.112,-3.762E-2
41.304,0.111,-3.801E-2
41.321,0.111,-3.827E-2
41.338,0.111,-3.905E-2
41.354,0.110,-3.970E-2
41.371,0.110,-4.080E-2
41.388,0.110,-4.175E-2
41.404,0.110,-4.279E-2
41.421,0.109,-4.393E-2
41.438,0.109,-4.472E-2
41.454,0.109,-4.571E-2
41.471,0.109,-4.637E-2
41.488,0.109,-4.686E-2
41.504,0.109,-4.718E-2
41.521,0.109,-4.717E-2
41.538,0.110,-4.704E-2
41.554,0.110,-4.671E-2
41.571,0.110,-4.611E-2
41.588,0.110,-4.524E-2
41.604,0.111,-4.449E-2
41.621,0.111,-4.340E-2
41.638,0.112,-4.246E-2
41.654,0.112,-4.137E-2
41.671,0.112,-4.036E-2
41.688,0.113,-3.928E-2
41.704,0.113,-3.872E-2
41.721,0.113,-3.820E-2
41.738,0.114,-3.779E-2
41.754,0.114,-3.756E-2
41.771,0.114,-3.780E-2
41.788,0.114,-3.813E-2
41.804,0.114,-3.875E-2
41.821,0.114,-3.945E-2
41.838,0.114,-4.022E-2
41.854,0.113,-4.129E-2
41.871,0.113,-4.237E-2
41.888,0.113,-4.351E-2
41.904,0.113,-4.452E-2
41.921,0.112,-4.561E-2
41.938,0.112,-4.652E-2
41.955,0.111,-4.730E-2
41.971,0.111,-4.759E-2
41.988,0.111,-4.791E-2
42.005,0.110,-4.783E-2
42.021,0.110,-4.767E-2
42.038,0.110,-4.716E-2
42.055,0.109,-4.649E-2
42.071,0.109,-4.567E-2
42.088,0.109,-4.452E-2
42.105,0.109,-4.365E-2
42.121,0.109,-4.255E-2
42.138,0.109,-4.148E-2
42.155,0.109,-4.030E-2
42.171,0.109,-3.915E-2
42.188,0.110,-3.825E-2
42.205,0.110,-3.757E-2
42.221,0.110,-3.713E-2
42.238,0.110,-3.670E-2
42.255,0.111,-3.662E-2
42.271,0.111,-3.691E-2
42.288,0.112,-3.727E-2
42.305,0.112,-3.803E-2
42.321,0.112,-3.876E-2
42.338,0.113,-3.969E-2
42.355,0.113,-4.095E-2
42.371,0.113,-4.231E-2
42.388,0.114,-4.354E-2
42.405,0.114,-4.483E-2
42.421,0.114,-4.616E-2
42.438,0.114,-4.713E-2
42.455,0.114,-4.802E-2
42.471,0.114,-4.854E-2
42.488,0.114,-4.894E-2
42.505,0.114,-4.897E-2
42.521,0.114,-4.875E-2
42.538,0.113,-4.829E-2
42.555,0.113,-4.758E-2
42.571,0.113,-4.657E-2
42.588,0.112,-4.553E-2
42.605,0.112,-4.428E-2
42.621,0.112,-4.310E-2
42.638,0.111,-4.178E-2
42.655,0.111,-4.065E-2
42.671,0.110,-3.942E-2
42.688,0.110,-3.866E-2
42.705,0.110,-3.791E-2
42.721,0.110,-3.740E-2
42.738,0.109,-3.725E-2
42.755,0.109,-3.702E-2
42.771,0.109,-3.710E-2
42.788,0.109,-3.747E-2
42.805,0.109,-3.805E-2
42.821,0.109,-3.889E-2
42.838,0.110,-3.969E-2
42.855,0.110,-4.098E-2
42.871,0.110,-4.208E-2
42.888,0.110,-4.324E-2
42.905,0.110,-4.438E-2
42.921,0.111,-4.533E-2
42.938,0.111,-4.627E-2
42.955,0.111,-4.690E-2
42.971,0.112,-4.740E-2
42.988,0.112,-4.778E-2
43.005,0.113,-4.775E-2
43.021,0.113,-4.759E-2
43.038,0.113,-4.721E-2
43.055,0.113,-4.669E-2
43.071,0.114,-4.589E-2
43.088,0.114,-4.494E-2
43.105,0.114,-4.399E-2
43.121,0.114,-4.304E-2
43.138,0.114,-4.202E-2
43.155,0.114,-4.107E-2
43.171,0.114,-4.024E-2
43.188,0.113,-3.954E-2
43.205,0.113,-3.904E-2
43.221,0.113,-3.857E-2
43.238,0.113,-3.844E-2
43.255,0.112,-3.847E-2
43.271,0.112,-3.868E-2
43.288,0.111,-3.914E-2
43.305,0.111,-3.978E-2
43.321,0.111,-4.046E-2
43.338,0.110,-4.146E-2
43.355,0.110,-4.226E-2
43.371,0.110,-4.332E-2
43.388,0.109,-4.426E-2
43.405,0.109,-4.506E-2
43.421,0.109,-4.597E-2
43.438,0.109,-4.641E-2
43.455,0.109,-4.701E-2
43.471,0.109,-4.728E-2
43.488,0.109,-4.717E-2
43.505,0.109,-4.705E-2
43.521,0.109,-4.659E-2
43.538,0.109,-4.599E-2
43.555,0.110,-4.532E-2
43.571,0.110,-4.418E-2
43.588,0.110,-4.345E-2
43.605,0.111,-4.237E-2
43.621,0.111,-4.131E-2
43.638,0.112,-4.066E-2
43.655,0.112,-3.981E-2
43.671,0.112,-3.909E-2
43.688,0.113,-3.863E-2
43.705,0.113,-3.824E-2
43.721,0.113,-3.812E-2
43.738,0.113,-3.832E-2
43.755,0.114,-3.876E-2
43.771,0.114,-3.931E-2
43.788,0.114,-4.008E-2
43.805,0.114,-4.093E-2
43.821,0.114,-4.194E-2
43.838,0.114,-4.306E-2
43.855,0.113,-4.407E-2
43.871,0.113,-4.507E-2
43.888,0.113,-4.598E-2
43.905,0.113,-4.693E-2
43.921,0.112,-4.747E-2
43.938,0.112,-4.792E-2
43.955,0.112,-4.812E-2
43.971,0.111,-4.810E-2
43.988,0.111,-4.773E-2
44.005,0.110,-4.717E-2
44.021,0.110,-4.661E-2
44.038,0.110,-4.557E-2
44.055,0.110,-4.458E-2
44.071,0.109,-4.352E-2
44.088,0.109,-4.252E-2
44.105,0.109,-4.127E-2
44.121,0.109,-4.019E-2
44.138,0.109,-3.929E-2
44.155,0.109,-3.859E-2
44.171,0.109,-3.785E-2
44.188,0.110,-3.739E-2
44.205,0.110,-3.713E-2
44.221,0.110,-3.717E-2
44.238,0.110,-3.740E-2
44.255,0.111,-3.769E-2
44.271,0.111,-3.843E-2
44.288,0.111,-3.903E-2
44.305,0.112,-3.994E-2
44.321,0.112,-4.102E-2
44.338,0.113,-4.221E-2
44.355,0.113,-4.330E-2
44.371,0.113,-4.458E-2
44.388,0.114,-4.572E-2
44.405,0.114,-4.671E-2
44.421,0.114,-4.756E-2
44.438,0.114,-4.810E-2
44.455,0.114,-4.847E-2
44.471,0.114,-4.855E-2
44.488,0.114,-4.846E-2
44.505,0.114,-4.802E-2
44.521,0.114,-4.730E-2
44.538,0.114,-4.639E-2
44.555,0.113,-4.534E-2
44.571,0.113,-4.418E-2
44.588,0.113,-4.294E-2
44.605,0.112,-4.176E-2
44.621,0.112,-4.059E-2
44.638,0.111,-3.955E-2
44.655,0.111,-3.873E-2
44.671,0.110,-3.800E-2
44.688,0.110,-3.757E-2
44.705,0.110,-3.728E-2
44.721,0.110,-3.717E-2
44.738,0.109,-3.742E-2
44.755,0.109,-3.786E-2
44.771,0.109,-3.864E-2
44.788,0.109,-3.917E-2
44.805,0.109,-4.001E-2
44.821,0.109,-4.100E-2
44.838,0.109,-4.190E-2
44.855,0.109,-4.288E-2
44.871,0.109,-4.390E-2
44.888,0.110,-4.489E-2
44.905,0.110,-4.577E-2
44.921,0.110,-4.639E-2
44.938,0.111,-4.689E-2
44.955,0.111,-4.708E-2
44.971,0.112,-4.697E-2
44.988,0.112,-4.696E-2
45.005,0.112,-4.652E-2
45.022,0.113,-4.592E-2
45.038,0.113,-4.526E-2
45.055,0.113,-4.454E-2
45.072,0.114,-4.365E-2
45.088,0.114,-4.275E-2
45.105,0.114,-4.195E-2
45.122,0.114,-4.104E-2
45.138,0.114,-4.030E-2
45.155,0.114,-3.962E-2
45.172,0.114,-3.924E-2
45.188,0.113,-3.898E-2
45.205,0.113,-3.881E-2
45.222,0.113,-3.891E-2
45.238,0.112,-3.920E-2
45.255,0.112,-3.951E-2
45.272,0.112,-4.015E-2
45.288,0.111,-4.087E-2
45.305,0.111,-4.169E-2
45.322,0.110,-4.262E-2
45.338,0.110,-4.340E-2
45.355,0.110,-4.430E-2
45.372,0.109,-4.492E-2
45.388,0.109,-4.554E-2
45.405,0.109,-4.607E-2
45.422,0.109,-4.652E-2
45.438,0.109,-4.662E-2
45.455,0.109,-4.645E-2
45.472,0.109,-4.638E-2
45.488,0.109,-4.579E-2
45.505,0.109,-4.534E-2
45.522,0.109,-4.459E-2
45.538,0.109,-4.387E-2
45.555,0.110,-4.282E-2
45.572,0.110,-4.200E-2
45.588,0.111,-4.098E-2
45.605,0.111,-4.007E-2
45.622,0.111,-3.925E-2
45.638,0.112,-3.884E-2
45.655,0.112,-3.841E-2
45.672,0.113,-3.807E-2
45.688,0.113,-3.813E-2
45.705,0.113,-3.836E-2
45.722,0.113,-3.882E-2
45.738,0.114,-3.953E-2
45.755,0.114,-4.018E-2
45.772,0.114,-4.116E-2
45.788,0.114,-4.213E-2
45.805,0.114,-4.321E-2
45.822,0.114,-4.420E-2
45.838,0.114,-4.514E-2
45.855,0.113,-4.610E-2
45.872,0.113,-4.682E-2
45.888,0.113,-4.744E-2
45.905,0.113,-4.779E-2
45.922,0.112,-4.793E-2
45.938,0.112,-4.790E-2
45.955,0.112,-4.753E-2
45.972,0.111,-4.700E-2
45.988,0.111,-4.619E-2
46.005,0.111,-4.538E-2
46.022,0.110,-4.428E-2
46.038,0.110,-4.313E-2
46.055,0.110,-4.212E-2
46.072,0.110,-4.107E-2
46.088,0.109,-4.017E-2
46.105,0.109,-3.911E-2
46.122,0.109,-3.838E-2
46.138,0.109,-3.772E-2
46.155,0.109,-3.739E-2
46.172,0.109,-3.734E-2
46.188,0.110,-3.719E-2
46.205,0.110,-3.737E-2
46.222,0.110,-3.786E-2
46.238,0.110,-3.853E-2
46.255,0.111,-3.915E-2
46.272,0.111,-4.010E-2
46.288,0.111,-4.100E-2
46.305,0.112,-4.220E-2
46.322,0.112,-4.319E-2
46.338,0.112,-4.442E-2
46.355,0.113,-4.534E-2
46.372,0.113,-4.637E-2
46.388,0.113,-4.709E-2
46.405,0.114,-4.765E-2
46.422,0.114,-4.801E-2
46.438,0.114,-4.803E-2
46.455,0.114,-4.793E-2
46.472,0.114,-4.755E-2
46.488,0.114,-4.693E-2
46.505,0.114,-4.616E-2
46.522,0.114,-4.518E-2
46.538,0.114,-4.410E-2
46.555,0.113,-4.289E-2
46.572,0.113,-4.176E-2
46.588,0.113,-4.066E-2
46.605,0.112,-3.979E-2
46.622,0.112,-3.882E-2
46.638,0.111,-3.825E-2
46.655,0.111,-3.785E-2
46.672,0.111,-3.770E-2
46.688,0.110,-3.777E-2
46.705,0.110,-3.788E-2
46.722,0.109,-3.841E-2
46.738,0.109,-3.893E-2
46.755,0.109,-3.965E-2
46.772,0.109,-4.027E-2
46.788,0.109,-4.129E-2
46.805,0.109,-4.209E-2
46.822,0.109,-4.315E-2
46.838,0.109,-4.412E-2
46.855,0.109,-4.493E-2
46.872,0.109,-4.557E-2
46.888,0.109,-4.619E-2
46.905,0.110,-4.643E-2
46.922,0.110,-4.657E-2
46.938,0.111,-4.654E-2
46.955,0.111,-4.639E-2
46.972,0.112,-4.604E-2
46.988,0.112,-4.554E-2
47.005,0.112,-4.487E-2
47.022,0.113,-4.407E-2
47.038,0.113,-4.336E-2
47.055,0.114,-4.247E-2
47.072,0.114,-4.161E-2
47.088,0.114,-4.085E-2
47.105,0.114,-4.024E-2
47.122,0.114,-3.977E-2
47.138,0.114,-3.943E-2
47.155,0.114,-3.921E-2
47.172,0.114,-3.905E-2
47.188,0.114,-3.922E-2
47.205,0.114,-3.955E-2
47.222,0.113,-3.998E-2
47.238,0.113,-4.063E-2
47.255,0.112,-4.135E-2
47.272,0.112,-4.219E-2
47.288,0.112,-4.296E-2
47.305,0.111,-4.384E-2
47.322,0.111,-4.462E-2
47.338,0.110,-4.532E-2
47.355,0.110,-4.597E-2
47.372,0.109,-4.634E-2
47.388,0.109,-4.653E-2
47.405,0.109,-4.661E-2
47.422,0.109,-4.651E-2
47.438,0.109,-4.626E-2
47.455,0.109,-4.574E-2
47.472,0.109,-4.525E-2
47.488,0.109,-4.427E-2
47.505,0.109,-4.347E-2
47.522,0.109,-4.255E-2
47.538,0.110,-4.182E-2
47.555,0.110,-4.086E-2
47.572,0.110,-4.028E-2
47.588,0.111,-3.950E-2
47.605,0.111,-3.892E-2
47.622,0.112,-3.846E-2
47.638,0.112,-3.820E-2
47.655,0.112,-3.836E-2
47.672,0.113,-3.859E-2
47.688,0.113,-3.908E-2
47.705,0.113,-3.979E-2
47.722,0.114,-4.045E-2
47.738,0.114,-4.131E-2
47.755,0.114,-4.236E-2
47.772,0.114,-4.335E-2
47.788,0.114,-4.437E-2
47.805,0.114,-4.525E-2
47.822,0.114,-4.601E-2
47.838,0.114,-4.681E-2
47.855,0.114,-4.734E-2
47.872,0.113,-4.769E-2
47.888,0.113,-4.781E-2
47.905,0.113,-4.762E-2
47.922,0.112,-4.737E-2
47.938,0.112,-4.693E-2
47.955,0.112,-4.619E-2
47.972,0.111,-4.534E-2
47.988,0.111,-4.433E-2
48.005,0.111,-4.335E-2
48.022,0.110,-4.220E-2
48.038,0.110,-4.107E-2
48.055,0.110,-4.003E-2
48.072,0.110,-3.933E-2
48.088,0.109,-3.862E-2
48.105,0.109,-3.797E-2
48.122,0.109,-3.755E-2
48.139,0.109,-3.733E-2
48.155,0.109,-3.737E-2
48.172,0.110,-3.752E-2
48.189,0.110,-3.806E-2
48.205,0.110,-3.859E-2
48.222,0.110,-3.936E-2
48.239,0.110,-4.029E-2
48.255,0.111,-4.121E-2
48.272,0.111,-4.222E-2
48.289,0.111,-4.310E-2
48.305,0.112,-4.419E-2
48.322,0.112,-4.514E-2
48.339,0.112,-4.616E-2
48.355,0.113,-4.670E-2
48.372,0.113,-4.723E-2
48.389,0.113,-4.756E-2
48.405,0.114,-4.762E-2
48.422,0.114,-4.737E-2
48.439,0.114,-4.707E-2
48.455,0.114,-4.648E-2
48.472,0.114,-4.585E-2
48.489,0.114,-4.502E-2
48.505,0.114,-4.409E-2
48.522,0.114,-4.309E-2
48.539,0.113,-4.218E-2
48.555,0.113,-4.112E-2
48.572,0.113,-4.022E-2
48.589,0.113,-3.938E-2
48.605,0.112,-3.883E-2
48.622,0.112,-3.855E-2
48.639,0.111,-3.825E-2
48.655,0.111,-3.818E-2
48.672,0.111,-3.843E-2
48.689,0.110,-3.871E-2
48.705,0.110,-3.943E-2
48.722,0.110,-3.986E-2
48.739,0.109,-4.068E-2
48.755,0.109,-4.149E-2
48.772,0.109,-4.242E-2
48.789,0.109,-4.337E-2
48.805,0.109,-4.412E-2
48.822,0.109,-4.486E-2
48.839,0.109,-4.537E-2
48.855,0.109,-4.600E-2
48.872,0.109,-4.628E-2
48.889,0.109,-4.644E-2
48.905,0.110,-4.636E-2
48.922,0.110,-4.609E-2
48.939,0.111,-4.565E-2
48.955,0.111,-4.510E-2
48.972,0.111,-4.448E-2
48.989,0.112,-4.371E-2
49.005,0.112,-4.298E-2
49.022,0.113,-4.220E-2
49.039,0.113,-4.149E-2
49.055,0.114,-4.083E-2
49.072,0.114,-4.028E-2
49.089,0.114,-3.990E-2
49.105,0.114,-3.955E-2
49.122,0.114,-3.951E-2
49.139,0.114,-3.958E-2
49.155,0.114,-3.975E-2
49.172,0.114,-4.003E-2
49.189,0.114,-4.052E-2
49.205,0.114,-4.103E-2
49.222,0.113,-4.161E-2
49.239,0.113,-4.242E-2
49.255,0.113,-4.304E-2
49.272,0.112,-4.379E-2
49.289,0.112,-4.449E-2
49.305,0.111,-4.513E-2
49.322,0.111,-4.565E-2
49.339,0.111,-4.597E-2
49.355,0.110,-4.623E-2
49.372,0.110,-4.631E-2
49.389,0.109,-4.610E-2
49.405,0.109,-4.576E-2
49.422,0.109,-4.532E-2
49.439,0.109,-4.459E-2
49.455,0.109,-4.388E-2
49.472,0.109,-4.304E-2
49.489,0.109,-4.236E-2
49.505,0.109,-4.146E-2
49.522,0.109,-4.058E-2
49.539,0.110,-3.992E-2
49.555,0.110,-3.911E-2
49.572,0.110,-3.882E-2
49.589,0.111,-3.848E-2
49.605,0.111,-3.832E-2
49.622,0.112,-3.833E-2
49.639,0.112,-3.858E-2
49.655,0.112,-3.916E-2
49.672,0.113,-3.973E-2
49.689,0.113,-4.046E-2
49.705,0.114,-4.137E-2
49.722,0.114,-4.235E-2
49.739,0.114,-4.339E-2
49.755,0.114,-4.432E-2
49.772,0.114,-4.524E-2
49.789,0.114,-4.611E-2
49.805,0.114,-4.678E-2
49.822,0.114,-4.728E-2
49.839,0.114,-4.757E-2
49.855,0.114,-4.759E-2
49.872,0.113,-4.750E-2
49.889,0.113,-4.716E-2
49.905,0.113,-4.659E-2
49.922,0.112,-4.590E-2
49.939,0.112,-4.509E-2
49.955,0.112,-4.423E-2
49.972,0.111,-4.304E-2
49.989,0.111,-4.224E-2
50.005,0.110,-4.119E-2
50.022,0.110,-4.042E-2
50.039,0.110,-3.957E-2
50.055,0.110,-3.879E-2
50.072,0.109,-3.839E-2
50.089,0.109,-3.811E-2
50.105,0.109,-3.777E-2
50.122,0.109,-3.776E-2
50.139,0.109,-3.795E-2
50.155,0.109,-3.839E-2
50.172,0.109,-3.902E-2
50.189,0.109,-3.967E-2
50.205,0.110,-4.044E-2
50.222,0.110,-4.151E-2
50.239,0.110,-4.242E-2
50.255,0.110,-4.325E-2
50.272,0.111,-4.432E-2
50.289,0.111,-4.508E-2
50.305,0.112,-4.602E-2
50.322,0.112,-4.666E-2
50.339,0.112,-4.703E-2
50.355,0.113,-4.735E-2
50.372,0.113,-4.740E-2
50.389,0.113,-4.720E-2
50.405,0.113,-4.683E-2
50.422,0.114,-4.622E-2
50.439,0.114,-4.562E-2
50.455,0.114,-4.488E-2
50.472,0.114,-4.397E-2
50.489,0.114,-4.307E-2
50.505,0.114,-4.211E-2
50.522,0.114,-4.134E-2
50.539,0.113,-4.056E-2
50.555,0.113,-3.986E-2
50.572,0.113,-3.939E-2
50.589,0.112,-3.891E-2
50.605,0.112,-3.882E-2
50.622,0.112,-3.879E-2
50.639,0.111,-3.908E-2
50.655,0.111,-3.925E-2
50.672,0.111,-3.985E-2
50.689,0.110,-4.062E-2
50.705,0.110,-4.127E-2
50.722,0.110,-4.196E-2
50.739,0.109,-4.265E-2
50.755,0.109,-4.345E-2
50.772,0.109,-4.426E-2
50.789,0.109,-4.475E-2
50.805,0.109,-4.519E-2
50.822,0.109,-4.564E-2
50.839,0.109,-4.594E-2
50.855,0.109,-4.584E-2
50.872,0.109,-4.569E-2
50.889,0.110,-4.542E-2
50.905,0.110,-4.504E-2
50.922,0.110,-4.443E-2
50.939,0.111,-4.376E-2
50.955,0.111,-4.295E-2
50.972,0.112,-4.234E-2
50.989,0.112,-4.187E-2
51.005,0.112,-4.118E-2
51.022,0.113,-4.065E-2
51.039,0.113,-4.018E-2
51.055,0.114,-3.981E-2
51.072,0.114,-3.965E-2
51.089,0.114,-3.960E-2
51.105,0.114,-3.967E-2
51.122,0.114,-3.992E-2
51.139,0.114,-4.042E-2
51.155,0.114,-4.096E-2
51.172,0.114,-4.157E-2
51.189,0.114,-4.222E-2
51.205,0.114,-4.286E-2
51.222,0.113,-4.348E-2
51.239,0.113,-4.427E-2
51.256,0.113,-4.478E-2
51.272,0.112,-4.529E-2
51.289,0.112,-4.580E-2
51.306,0.111,-4.608E-2
51.322,0.111,-4.625E-2
51.339,0.111,-4.607E-2
51.356,0.110,-4.593E-2
51.372,0.110,-4.543E-2
51.389,0.110,-4.484E-2
51.406,0.109,-4.415E-2
51.422,0.109,-4.354E-2
51.439,0.109,-4.279E-2
51.456,0.109,-4.183E-2
51.472,0.109,-4.108E-2
51.489,0.109,-4.043E-2
51.506,0.109,-3.969E-2
51.522,0.109,-3.926E-2
51.539,0.110,-3.895E-2
51.556,0.110,-3.863E-2
51.572,0.110,-3.846E-2
51.589,0.111,-3.864E-2
51.606,0.111,-3.881E-2
51.622,0.111,-3.919E-2
51.639,0.112,-3.979E-2
51.656,0.112,-4.062E-2
51.672,0.113,-4.154E-2
51.689,0.113,-4.229E-2
51.706,0.113,-4.339E-2
51.722,0.114,-4.439E-2
51.739,0.114,-4.533E-2
51.756,0.114,-4.616E-2
51.772,0.114,-4.676E-2
51.789,0.114,-4.728E-2
51.806,0.114,-4.758E-2
51.822,0.114,-4.754E-2
51.839,0.114,-4.737E-2
51.856,0.114,-4.709E-2
51.872,0.113,-4.648E-2
51.889,0.113,-4.584E-2
51.906,0.113,-4.484E-2
51.922,0.112,-4.397E-2
51.939,0.112,-4.310E-2
51.956,0.112,-4.200E-2
51.972,0.111,-4.098E-2
51.989,0.111,-4.020E-2
52.006,0.110,-3.959E-2
52.022,0.110,-3.894E-2
52.039,0.110,-3.858E-2
52.056,0.109,-3.823E-2
52.072,0.109,-3.815E-2
52.089,0.109,-3.832E-2
52.106,0.109,-3.845E-2
52.122,0.109,-3.903E-2
52.139,0.109,-3.957E-2
52.156,0.109,-4.027E-2
52.172,0.109,-4.093E-2
52.189,0.109,-4.182E-2
52.206,0.109,-4.264E-2
52.222,0.110,-4.350E-2
52.239,0.110,-4.426E-2
52.256,0.110,-4.511E-2
52.272,0.111,-4.570E-2
52.289,0.111,-4.613E-2
52.306,0.112,-4.676E-2
52.322,0.112,-4.689E-2
52.339,0.112,-4.688E-2
52.356,0.113,-4.679E-2
52.372,0.113,-4.637E-2
52.389,0.113,-4.594E-2
52.406,0.114,-4.526E-2
52.422,0.114,-4.439E-2
52.439,0.114,-4.371E-2
52.456,0.114,-4.291E-2
52.472,0.114,-4.202E-2
52.489,0.114,-4.120E-2
52.506,0.114,-4.059E-2
52.522,0.113,-3.990E-2
52.539,0.113,-3.947E-2
52.556,0.113,-3.934E-2
52.572,0.113,-3.913E-2
52.589,0.112,-3.910E-2
52.606,0.112,-3.942E-2
52.622,0.112,-3.963E-2
52.639,0.111,-4.018E-2
52.656,0.111,-4.086E-2
52.672,0.111,-4.158E-2
52.689,0.110,-4.246E-2
52.706,0.110,-4.311E-2
52.722,0.110,-4.373E-2
52.739,0.109,-4.445E-2
52.756,0.109,-4.479E-2
52.772,0.109,-4.528E-2
52.789,0.109,-4.552E-2
52.806,0.109,-4.566E-2
52.822,0.109,-4.566E-2
52.839,0.109,-4.542E-2
52.856,0.110,-4.503E-2
52.872,0.110,-4.463E-2
52.889,0.110,-4.424E-2
52.906,0.110,-4.346E-2
52.922,0.111,-4.297E-2
52.939,0.111,-4.221E-2
52.956,0.112,-4.174E-2
52.972,0.112,-4.098E-2
52.989,0.112,-4.042E-2
53.006,0.113,-4.006E-2
53.022,0.113,-3.984E-2
53.039,0.113,-3.976E-2
53.056,0.114,-3.971E-2
53.072,0.114,-4.002E-2
53.089,0.114,-4.035E-2
53.106,0.114,-4.067E-2
53.122,0.114,-4.130E-2
53.139,0.114,-4.187E-2
53.156,0.114,-4.254E-2
53.172,0.114,-4.328E-2
53.189,0.114,-4.390E-2
53.206,0.114,-4.458E-2
53.222,0.113,-4.530E-2
53.239,0.113,-4.567E-2
53.256,0.113,-4.612E-2
53.272,0.112,-4.617E-2
53.289,0.112,-4.626E-2
53.306,0.111,-4.615E-2
53.322,0.111,-4.577E-2
53.339,0.111,-4.545E-2
53.356,0.110,-4.471E-2
53.372,0.110,-4.416E-2
53.389,0.110,-4.338E-2
53.406,0.110,-4.258E-2
53.422,0.109,-4.184E-2
53.439,0.109,-4.098E-2
53.456,0.109,-4.038E-2
53.472,0.109,-3.971E-2
53.489,0.109,-3.930E-2
53.506,0.109,-3.873E-2
53.522,0.109,-3.869E-2
53.539,0.110,-3.858E-2
53.556,0.110,-3.870E-2
53.572,0.110,-3.901E-2
53.589,0.110,-3.940E-2
53.606,0.111,-4.003E-2
53.622,0.111,-4.067E-2
53.639,0.112,-4.165E-2
53.656,0.112,-4.244E-2
53.672,0.112,-4.331E-2
53.689,0.113,-4.434E-2
53.706,0.113,-4.516E-2
53.722,0.113,-4.596E-2
53.739,0.114,-4.655E-2
53.756,0.114,-4.701E-2
53.772,0.114,-4.737E-2
53.789,0.114,-4.739E-2
53.806,0.114,-4.729E-2
53.822,0.114,-4.694E-2
53.839,0.114,-4.646E-2
53.856,0.114,-4.582E-2
53.872,0.113,-4.503E-2
53.889,0.113,-4.404E-2
53.906,0.113,-4.300E-2
53.922,0.112,-4.215E-2
53.939,0.112,-4.115E-2
53.956,0.112,-4.037E-2
53.972,0.111,-3.964E-2
53.989,0.111,-3.898E-2
54.006,0.110,-3.858E-2
54.022,0.110,-3.847E-2
54.039,0.110,-3.830E-2
54.056,0.110,-3.840E-2
54.072,0.109,-3.857E-2
54.089,0.109,-3.901E-2
54.106,0.109,-3.973E-2
54.122,0.109,-4.032E-2
54.139,0.109,-4.096E-2
54.156,0.109,-4.183E-2
54.172,0.109,-4.277E-2
54.189,0.109,-4.346E-2
54.206,0.109,-4.429E-2
54.222,0.110,-4.499E-2
54.239,0.110,-4.555E-2
54.256,0.110,-4.600E-2
54.272,0.111,-4.623E-2
54.289,0.111,-4.640E-2
54.306,0.112,-4.638E-2
54.322,0.112,-4.630E-2
54.339,0.112,-4.587E-2
54.356,0.113,-4.538E-2
54.373,0.113,-4.491E-2
54.389,0.113,-4.427E-2
54.406,0.114,-4.356E-2
54.423,0.114,-4.283E-2
54.439,0.114,-4.196E-2
54.456,0.114,-4.138E-2
54.473,0.114,-4.073E-2
54.489,0.114,-4.015E-2
54.506,0.114,-3.991E-2
54.523,0.114,-3.959E-2
54.539,0.113,-3.949E-2
54.556,0.113,-3.974E-2
54.573,0.113,-3.992E-2
54.589,0.113,-4.021E-2
54.606,0.112,-4.075E-2
54.623,0.112,-4.136E-2
54.639,0.111,-4.191E-2
54.656,0.111,-4.263E-2
54.673,0.111,-4.337E-2
54.689,0.110,-4.381E-2
54.706,0.110,-4.457E-2
54.723,0.110,-4.500E-2
54.739,0.109,-4.539E-2
54.756,0.109,-4.561E-2
54.773,0.109,-4.559E-2
54.789,0.109,-4.557E-2
54.806,0.109,-4.533E-2
54.823,0.109,-4.488E-2
54.839,0.109,-4.458E-2
54.856,0.110,-4.398E-2
54.873,0.110,-4.339E-2
54.889,0.110,-4.262E-2
54.906,0.111,-4.200E-2
54.923,0.111,-4.133E-2
54.939,0.111,-4.095E-2
54.956,0.112,-4.044E-2
54.973,0.112,-4.024E-2
54.989,0.112,-4.000E-2
55.006,0.113,-4.004E-2
55.023,0.113,-4.005E-2
55.039,0.113,-4.030E-2
55.056,0.114,-4.064E-2
55.073,0.114,-4.115E-2
55.089,0.114,-4.165E-2
55.106,0.114,-4.232E-2
55.123,0.114,-4.306E-2
55.139,0.114,-4.370E-2
55.156,0.114,-4.432E-2
55.173,0.114,-4.486E-2
55.189,0.114,-4.543E-2
55.206,0.113,-4.583E-2
55.223,0.113,-4.603E-2
55.239,0.113,-4.639E-2
55.256,0.112,-4.630E-2
55.273,0.112,-4.615E-2
55.289,0.112,-4.574E-2
55.306,0.111,-4.550E-2
55.323,0.111,-4.473E-2
55.339,0.111,-4.396E-2
55.356,0.110,-4.339E-2
55.373,0.110,-4.251E-2
55.389,0.110,-4.176E-2
55.406,0.110,-4.106E-2
55.423,0.110,-4.014E-2
55.439,0.109,-3.970E-2
55.456,0.109,-3.917E-2
55.473,0.109,-3.874E-2
55.489,0.109,-3.862E-2
55.506,0.109,-3.862E-2
55.523,0.110,-3.865E-2
55.539,0.110,-3.889E-2
55.556,0.110,-3.933E-2
55.573,0.110,-4.000E-2
55.589,0.111,-4.083E-2
55.606,0.111,-4.169E-2
55.623,0.111,-4.253E-2
55.639,0.111,-4.341E-2
55.656,0.112,-4.445E-2
55.673,0.112,-4.514E-2
55.689,0.112,-4.586E-2
55.706,0.113,-4.652E-2
55.723,0.113,-4.693E-2
55.739,0.113,-4.717E-2
55.756,0.113,-4.729E-2
55.773,0.114,-4.706E-2
55.789,0.114,-4.681E-2
55.806,0.114,-4.632E-2
55.823,0.114,-4.566E-2
55.839,0.114,-4.478E-2
55.856,0.113,-4.391E-2
55.873,0.113,-4.312E-2
55.889,0.113,-4.225E-2
55.906,0.113,-4.145E-2
55.923,0.112,-4.057E-2
55.939,0.112,-3.984E-2
55.956,0.112,-3.942E-2
55.973,0.111,-3.885E-2
55.989,0.111,-3.874E-2
56.006,0.111,-3.856E-2
56.023,0.110,-3.874E-2
56.039,0.110,-3.889E-2
56.056,0.110,-3.930E-2
56.073,0.110,-3.980E-2
56.089,0.109,-4.048E-2
56.106,0.109,-4.124E-2
56.123,0.109,-4.189E-2
56.139,0.109,-4.257E-2
56.156,0.109,-4.337E-2
56.173,0.109,-4.412E-2
56.189,0.109,-4.460E-2
56.206,0.109,-4.534E-2
56.223,0.110,-4.557E-2
56.239,0.110,-4.587E-2
56.256,0.110,-4.608E-2
56.273,0.111,-4.595E-2
56.289,0.111,-4.568E-2
56.306,0.112,-4.539E-2
56.323,0.112,-4.489E-2
56.339,0.112,-4.435E-2
56.356,0.113,-4.387E-2
56.373,0.113,-4.304E-2
56.389,0.114,-4.248E-2
56.406,0.114,-4.191E-2
56.423,0.114,-4.130E-2
56.439,0.114,-4.076E-2
56.456,0.114,-4.037E-2
56.473,0.114,-4.008E-2
56.489,0.114,-3.985E-2
56.506,0.114,-3.986E-2
56.523,0.114,-3.997E-2
56.539,0.114,-4.025E-2
56.556,0.113,-4.060E-2
56.573,0.113,-4.096E-2
56.589,0.113,-4.158E-2
56.606,0.112,-4.212E-2
56.623,0.112,-4.281E-2
56.639,0.112,-4.347E-2
56.656,0.111,-4.391E-2
56.673,0.111,-4.452E-2
56.689,0.110,-4.492E-2
56.706,0.110,-4.514E-2
56.723,0.110,-4.516E-2
56.739,0.110,-4.521E-2
56.756,0.109,-4.517E-2
56.773,0.109,-4.483E-2
56.789,0.109,-4.437E-2
56.806,0.109,-4.392E-2
56.823,0.109,-4.349E-2
56.839,0.110,-4.280E-2
56.856,0.110,-4.216E-2
56.873,0.110,-4.150E-2
56.889,0.110,-4.096E-2
56.906,0.111,-4.060E-2
56.923,0.111,-4.003E-2
56.939,0.111,-3.960E-2
56.956,0.112,-3.964E-2
56.973,0.112,-3.971E-2
56.989,0.112,-3.991E-2
57.006,0.113,-4.022E-2
57.023,0.113,-4.070E-2
57.039,0.113,-4.116E-2
57.056,0.113,-4.187E-2
57.073,0.114,-4.252E-2
57.089,0.114,-4.322E-2
57.106,0.114,-4.392E-2
57.123,0.114,-4.451E-2
57.139,0.114,-4.507E-2
57.156,0.114,-4.553E-2
57.173,0.113,-4.597E-2
57.189,0.113,-4.627E-2
57.206,0.113,-4.631E-2
57.223,0.113,-4.620E-2
57.239,0.113,-4.600E-2
57.256,0.112,-4.574E-2
57.273,0.112,-4.524E-2
57.289,0.112,-4.465E-2
57.306,0.111,-4.398E-2
57.323,0.111,-4.337E-2
57.339,0.111,-4.244E-2
57.356,0.110,-4.162E-2
57.373,0.110,-4.088E-2
57.389,0.110,-4.033E-2
57.406,0.110,-3.979E-2
57.423,0.110,-3.921E-2
57.440,0.109,-3.896E-2
57.456,0.109,-3.882E-2
57.473,0.109,-3.882E-2
57.490,0.109,-3.893E-2
57.506,0.110,-3.913E-2
57.523,0.110,-3.970E-2
57.540,0.110,-4.027E-2
57.556,0.110,-4.095E-2
57.573,0.110,-4.175E-2
57.590,0.110,-4.252E-2
57.606,0.111,-4.348E-2
57.623,0.111,-4.419E-2
57.640,0.111,-4.502E-2
57.656,0.112,-4.579E-2
57.673,0.112,-4.635E-2
57.690,0.112,-4.674E-2
57.706,0.113,-4.692E-2
57.723,0.113,-4.691E-2
57.740,0.113,-4.687E-2
57.756,0.113,-4.655E-2
57.773,0.113,-4.603E-2
57.790,0.113,-4.546E-2
57.806,0.113,-4.464E-2
57.823,0.113,-4.377E-2
57.840,0.113,-4.307E-2
57.856,0.113,-4.211E-2
57.873,0.113,-4.141E-2
57.890,0.113,-4.072E-2
57.906,0.113,-4.021E-2
57.923,0.112,-3.965E-2
57.940,0.112,-3.924E-2
57.956,0.112,-3.902E-2
57.973,0.112,-3.896E-2
57.990,0.111,-3.917E-2
58.006,0.111,-3.925E-2
58.023,0.111,-3.964E-2
58.040,0.110,-4.010E-2
58.056,0.110,-4.065E-2
58.073,0.110,-4.137E-2
58.090,0.110,-4.214E-2
58.106,0.110,-4.286E-2
58.123,0.110,-4.344E-2
58.140,0.110,-4.407E-2
58.156,0.110,-4.462E-2
58.173,0.110,-4.511E-2
58.190,0.110,-4.558E-2
58.206,0.110,-4.563E-2
58.223,0.110,-4.570E-2
58.240,0.110,-4.563E-2
58.256,0.111,-4.552E-2
58.273,0.111,-4.509E-2
58.290,0.111,-4.475E-2
58.306,0.112,-4.414E-2
58.323,0.112,-4.354E-2
58.340,0.112,-4.306E-2
58.356,0.113,-4.239E-2
58.373,0.113,-4.179E-2
58.390,0.113,-4.134E-2
58.406,0.114,-4.088E-2
58.423,0.114,-4.062E-2
58.440,0.114,-4.038E-2
58.456,0.114,-4.033E-2
58.473,0.114,-4.034E-2
58.490,0.114,-4.045E-2
58.506,0.114,-4.068E-2
58.523,0.114,-4.106E-2
58.540,0.114,-4.145E-2
58.556,0.113,-4.198E-2
58.573,0.113,-4.239E-2
58.590,0.113,-4.294E-2
58.606,0.112,-4.357E-2
58.623,0.112,-4.414E-2
58.640,0.112,-4.447E-2
58.656,0.111,-4.488E-2
58.673,0.111,-4.512E-2
58.690,0.111,-4.517E-2
58.706,0.110,-4.502E-2
58.723,0.110,-4.490E-2
58.740,0.110,-4.462E-2
58.756,0.109,-4.432E-2
58.773,0.109,-4.373E-2
58.790,0.109,-4.307E-2
58.806,0.109,-4.245E-2
58.823,0.109,-4.189E-2
58.840,0.109,-4.139E-2
58.856,0.110,-4.084E-2
58.873,0.110,-4.030E-2
58.890,0.110,-3.995E-2
58.906,0.110,-3.975E-2
58.923,0.111,-3.957E-2
58.940,0.111,-3.973E-2
58.956,0.111,-4.001E-2
58.973,0.112,-4.021E-2
58.990,0.112,-4.078E-2
59.006,0.112,-4.125E-2
59.023,0.113,-4.185E-2
59.040,0.113,-4.260E-2
59.056,0.113,-4.325E-2
59.073,0.113,-4.396E-2
59.090,0.113,-4.470E-2
59.106,0.113,-4.515E-2
59.123,0.114,-4.568E-2
59.140,0.114,-4.593E-2
59.156,0.113,-4.599E-2
59.173,0.113,-4.611E-2
59.190,0.113,-4.603E-2
59.206,0.113,-4.582E-2
59.223,0.113,-4.541E-2
59.240,0.112,-4.485E-2
59.256,0.112,-4.433E-2
59.273,0.112,-4.356E-2
59.290,0.111,-4.287E-2
59.306,0.111,-4.227E-2
59.323,0.111,-4.148E-2
59.340,0.110,-4.074E-2
59.356,0.110,-4.032E-2
59.373,0.110,-3.980E-2
59.390,0.110,-3.940E-2
59.406,0.110,-3.898E-2
59.423,0.109,-3.886E-2
59.440,0.109,-3.876E-2
59.456,0.109,-3.892E-2
59.473,0.109,-3.921E-2
59.490,0.109,-3.975E-2
59.506,0.109,-4.042E-2
59.523,0.110,-4.103E-2
59.540,0.110,-4.172E-2
59.556,0.110,-4.252E-2
59.573,0.110,-4.341E-2
59.590,0.111,-4.420E-2
59.606,0.111,-4.506E-2
59.623,0.111,-4.561E-2
59.640,0.111,-4.615E-2
59.656,0.112,-4.645E-2
59.673,0.112,-4.673E-2
59.690,0.112,-4.672E-2
59.706,0.113,-4.661E-2
59.723,0.113,-4.623E-2
59.740,0.113,-4.581E-2
59.756,0.113,-4.517E-2
59.773,0.113,-4.447E-2
59.790,0.113,-4.365E-2
59.806,0.113,-4.287E-2
59.823,0.113,-4.211E-2
59.840,0.113,-4.148E-2
59.856,0.113,-4.072E-2
59.873,0.113,-4.025E-2
59.890,0.113,-3.977E-2
59.906,0.113,-3.956E-2
59.923,0.112,-3.934E-2
59.940,0.112,-3.936E-2
59.956,0.112,-3.948E-2
59.973,0.112,-3.972E-2
59.990,0.111,-4.010E-2
60.006,0.111,-4.059E-2
60.023,0.111,-4.105E-2
60.040,0.111,-4.163E-2
60.056,0.110,-4.227E-2
60.073,0.110,-4.297E-2
60.090,0.110,-4.369E-2
60.106,0.110,-4.419E-2
60.123,0.110,-4.469E-2
60.140,0.110,-4.504E-2
60.156,0.110,-4.530E-2
60.173,0.110,-4.552E-2
60.190,0.110,-4.539E-2
60.206,0.110,-4.522E-2
60.223,0.110,-4.516E-2
60.240,0.110,-4.466E-2
60.256,0.111,-4.439E-2
60.273,0.111,-4.394E-2
60.290,0.111,-4.343E-2
60.306,0.112,-4.278E-2
60.323,0.112,-4.233E-2
60.340,0.112,-4.187E-2
60.356,0.112,-4.141E-2
60.373,0.113,-4.106E-2
60.390,0.113,-4.074E-2
60.406,0.113,-4.066E-2
60.423,0.113,-4.071E-2
60.440,0.113,-4.069E-2
60.456,0.113,-4.084E-2
60.473,0.113,-4.109E-2
60.490,0.114,-4.146E-2
60.506,0.113,-4.193E-2
60.523,0.113,-4.250E-2
60.540,0.113,-4.305E-2
60.557,0.113,-4.363E-2
60.573,0.113,-4.402E-2
60.590,0.112,-4.448E-2
60.607,0.112,-4.476E-2
60.623,0.112,-4.497E-2
60.640,0.112,-4.525E-2
60.657,0.111,-4.513E-2
60.673,0.111,-4.512E-2
60.690,0.111,-4.486E-2
60.707,0.110,-4.449E-2
60.723,0.110,-4.402E-2
60.740,0.110,-4.346E-2
60.757,0.110,-4.304E-2
60.773,0.110,-4.231E-2
60.790,0.110,-4.166E-2
60.807,0.110,-4.107E-2
60.823,0.110,-4.060E-2
60.840,0.110,-4.020E-2
60.857,0.110,-4.013E-2
60.873,0.110,-3.978E-2
60.890,0.110,-3.969E-2
60.907,0.110,-3.973E-2
60.923,0.110,-3.994E-2
60.940,0.111,-4.034E-2
60.957,0.111,-4.082E-2
60.973,0.111,-4.122E-2
60.990,0.112,-4.187E-2
61.007,0.112,-4.264E-2
61.023,0.112,-4.330E-2
61.040,0.112,-4.400E-2
61.057,0.113,-4.460E-2
61.073,0.113,-4.518E-2
61.090,0.113,-4.553E-2
61.107,0.113,-4.593E-2
61.123,0.113,-4.599E-2
61.140,0.113,-4.610E-2
61.157,0.113,-4.601E-2
61.173,0.113,-4.580E-2
61.190,0.113,-4.531E-2
61.207,0.113,-4.485E-2
61.223,0.113,-4.428E-2
61.240,0.112,-4.358E-2
61.257,0.112,-4.281E-2
61.273,0.112,-4.209E-2
61.290,0.112,-4.134E-2
61.307,0.111,-4.088E-2
61.323,0.111,-4.027E-2
61.340,0.111,-3.983E-2
61.357,0.110,-3.936E-2
61.373,0.110,-3.917E-2
61.390,0.110,-3.906E-2
61.407,0.110,-3.920E-2
61.423,0.110,-3.935E-2
61.440,0.110,-3.957E-2
61.457,0.110,-3.997E-2
61.473,0.110,-4.062E-2
61.490,0.110,-4.132E-2
61.507,0.110,-4.213E-2
61.523,0.110,-4.278E-2
61.540,0.110,-4.366E-2
61.557,0.110,-4.429E-2
61.573,0.110,-4.502E-2
61.590,0.111,-4.555E-2
61.607,0.111,-4.614E-2
61.623,0.111,-4.629E-2
61.640,0.111,-4.644E-2
61.657,0.112,-4.654E-2
61.673,0.112,-4.634E-2
61.690,0.112,-4.608E-2
61.707,0.113,-4.562E-2
61.723,0.113,-4.508E-2
61.740,0.113,-4.443E-2
61.757,0.113,-4.367E-2
61.773,0.113,-4.294E-2
61.790,0.113,-4.227E-2
61.807,0.113,-4.160E-2
61.823,0.113,-4.099E-2
61.840,0.113,-4.045E-2
61.857,0.113,-4.021E-2
61.873,0.113,-3.985E-2
61.890,0.113,-3.975E-2
61.907,0.113,-3.975E-2
61.923,0.112,-3.985E-2
61.940,0.112,-4.014E-2
61.957,0.112,-4.045E-2
61.973,0.112,-4.092E-2
61.990,0.111,-4.138E-2
62.007,0.111,-4.219E-2
62.023,0.111,-4.276E-2
62.040,0.111,-4.343E-2
62.057,0.110,-4.395E-2
62.073,0.110,-4.436E-2
62.090,0.110,-4.485E-2
