,mass A,,
t,x,y,
0.000,0.114,-5.425E-2
0.017,0.113,-5.942E-2
0.033,0.112,-6.371E-2
0.050,0.111,-6.679E-2
0.067,0.110,-6.867E-2
0.083,0.109,-6.902E-2
0.100,0.108,-6.777E-2
0.117,0.107,-6.531E-2
0.133,0.106,-6.171E-2
0.150,0.106,-5.697E-2
0.167,0.105,-5.189E-2
0.183,0.105,-4.622E-2
0.200,0.105,-4.058E-2
0.217,0.105,-3.464E-2
0.233,0.105,-2.933E-2
0.250,0.105,-2.484E-2
0.267,0.105,-2.087E-2
0.283,0.106,-1.703E-2
0.300,0.106,-1.483E-2
0.317,0.107,-1.357E-2
0.333,0.108,-1.326E-2
0.350,0.109,-1.424E-2
0.367,0.109,-1.620E-2
0.383,0.109,-1.920E-2
0.400,0.110,-2.321E-2
0.417,0.111,-2.789E-2
0.433,0.112,-3.321E-2
0.450,0.113,-3.914E-2
0.467,0.113,-4.568E-2
0.483,0.113,-5.168E-2
0.500,0.114,-5.726E-2
0.517,0.114,-6.214E-2
0.533,0.115,-6.589E-2
0.550,0.115,-6.858E-2
0.567,0.115,-7.012E-2
0.583,0.115,-7.005E-2
0.600,0.115,-6.838E-2
0.617,0.115,-6.557E-2
0.633,0.114,-6.160E-2
0.650,0.114,-5.665E-2
0.667,0.113,-5.122E-2
0.683,0.112,-4.547E-2
0.700,0.112,-3.943E-2
0.717,0.111,-3.335E-2
0.733,0.111,-2.761E-2
0.750,0.110,-2.290E-2
0.767,0.109,-1.906E-2
0.783,0.108,-1.619E-2
0.800,0.108,-1.441E-2
0.817,0.107,-1.374E-2
0.833,0.106,-1.375E-2
0.850,0.106,-1.524E-2
0.867,0.106,-1.744E-2
0.883,0.105,-2.033E-2
0.900,0.105,-2.495E-2
0.917,0.104,-2.989E-2
0.933,0.105,-3.536E-2
0.950,0.105,-4.112E-2
0.967,0.105,-4.683E-2
0.983,0.105,-5.255E-2
1.000,0.105,-5.794E-2
1.017,0.106,-6.242E-2
1.033,0.107,-6.499E-2
1.050,0.109,-6.705E-2
1.067,0.110,-6.789E-2
1.083,0.111,-6.724E-2
1.100,0.112,-6.530E-2
1.117,0.113,-6.199E-2
1.133,0.115,-5.780E-2
1.150,0.116,-5.283E-2
1.167,0.116,-4.742E-2
1.183,0.117,-4.207E-2
1.200,0.117,-3.657E-2
1.217,0.118,-3.126E-2
1.233,0.117,-2.644E-2
1.250,0.117,-2.205E-2
1.267,0.117,-1.853E-2
1.283,0.117,-1.615E-2
1.300,0.116,-1.489E-2
1.317,0.116,-1.469E-2
1.333,0.115,-1.551E-2
1.350,0.115,-1.727E-2
1.367,0.114,-1.970E-2
1.383,0.114,-2.313E-2
1.400,0.113,-2.756E-2
1.417,0.112,-3.270E-2
1.433,0.111,-3.819E-2
1.450,0.110,-4.432E-2
1.467,0.109,-4.991E-2
1.483,0.108,-5.497E-2
1.500,0.107,-5.965E-2
1.517,0.106,-6.349E-2
1.533,0.105,-6.625E-2
1.550,0.105,-6.768E-2
1.567,0.105,-6.769E-2
1.584,0.105,-6.614E-2
1.600,0.104,-6.358E-2
1.617,0.104,-5.986E-2
1.634,0.105,-5.522E-2
1.650,0.106,-4.996E-2
1.667,0.107,-4.452E-2
1.684,0.107,-3.904E-2
1.700,0.108,-3.345E-2
1.717,0.109,-2.830E-2
1.734,0.109,-2.400E-2
1.750,0.110,-2.041E-2
1.767,0.111,-1.768E-2
1.784,0.112,-1.568E-2
1.800,0.113,-1.475E-2
1.817,0.113,-1.506E-2
1.834,0.114,-1.620E-2
1.850,0.114,-1.837E-2
1.867,0.115,-2.172E-2
1.884,0.115,-2.580E-2
1.900,0.116,-3.080E-2
1.917,0.116,-3.600E-2
1.934,0.116,-4.189E-2
1.950,0.116,-4.749E-2
1.967,0.116,-5.325E-2
1.984,0.115,-5.820E-2
2.000,0.115,-6.247E-2
2.017,0.114,-6.559E-2
2.034,0.114,-6.767E-2
2.050,0.112,-6.838E-2
2.067,0.111,-6.760E-2
2.084,0.110,-6.545E-2
2.100,0.110,-6.222E-2
2.117,0.109,-5.796E-2
2.134,0.108,-5.295E-2
2.150,0.107,-4.771E-2
2.167,0.107,-4.220E-2
2.184,0.107,-3.646E-2
2.200,0.107,-3.126E-2
2.217,0.106,-2.653E-2
2.234,0.106,-2.245E-2
2.250,0.105,-1.920E-2
2.267,0.105,-1.674E-2
2.284,0.106,-1.481E-2
2.300,0.106,-1.431E-2
2.317,0.106,-1.485E-2
2.334,0.106,-1.669E-2
2.350,0.106,-1.947E-2
2.367,0.106,-2.273E-2
2.384,0.107,-2.697E-2
2.400,0.107,-3.227E-2
2.417,0.108,-3.774E-2
2.434,0.109,-4.346E-2
2.450,0.109,-4.947E-2
2.467,0.110,-5.485E-2
2.484,0.110,-5.986E-2
2.500,0.111,-6.385E-2
2.517,0.112,-6.680E-2
2.534,0.113,-6.856E-2
2.550,0.114,-6.903E-2
2.567,0.114,-6.805E-2
2.584,0.114,-6.590E-2
2.600,0.115,-6.241E-2
2.617,0.115,-5.802E-2
2.634,0.115,-5.297E-2
2.650,0.115,-4.754E-2
2.667,0.115,-4.206E-2
2.684,0.114,-3.651E-2
2.700,0.114,-3.133E-2
2.717,0.114,-2.647E-2
2.734,0.114,-2.235E-2
2.750,0.113,-1.912E-2
2.767,0.112,-1.713E-2
2.784,0.111,-1.618E-2
2.800,0.110,-1.605E-2
2.817,0.110,-1.711E-2
2.834,0.109,-1.892E-2
2.850,0.108,-2.206E-2
2.867,0.108,-2.601E-2
2.884,0.107,-3.020E-2
2.900,0.106,-3.511E-2
2.917,0.106,-4.056E-2
2.934,0.105,-4.627E-2
2.950,0.105,-5.154E-2
2.967,0.105,-5.673E-2
2.984,0.104,-6.097E-2
3.000,0.104,-6.436E-2
3.017,0.105,-6.674E-2
3.034,0.105,-6.800E-2
3.050,0.106,-6.771E-2
3.067,0.107,-6.587E-2
3.084,0.107,-6.315E-2
3.100,0.108,-5.965E-2
3.117,0.109,-5.511E-2
3.134,0.111,-5.009E-2
3.150,0.112,-4.462E-2
3.167,0.112,-3.942E-2
3.184,0.113,-3.430E-2
3.200,0.114,-2.969E-2
3.217,0.114,-2.548E-2
3.234,0.115,-2.190E-2
3.250,0.116,-1.914E-2
3.267,0.116,-1.763E-2
3.284,0.116,-1.709E-2
3.300,0.116,-1.746E-2
3.317,0.116,-1.874E-2
3.334,0.116,-2.117E-2
3.350,0.116,-2.460E-2
3.367,0.116,-2.872E-2
3.384,0.115,-3.376E-2
3.400,0.114,-3.922E-2
3.417,0.113,-4.446E-2
3.434,0.113,-5.002E-2
3.450,0.112,-5.487E-2
3.467,0.111,-5.962E-2
3.484,0.110,-6.326E-2
3.500,0.109,-6.588E-2
3.517,0.108,-6.758E-2
3.534,0.107,-6.787E-2
3.550,0.106,-6.671E-2
3.567,0.105,-6.452E-2
3.584,0.105,-6.134E-2
3.600,0.104,-5.687E-2
3.617,0.104,-5.217E-2
3.634,0.104,-4.694E-2
3.650,0.105,-4.157E-2
3.667,0.105,-3.620E-2
3.684,0.106,-3.105E-2
3.700,0.106,-2.669E-2
3.717,0.106,-2.271E-2
3.734,0.107,-1.982E-2
3.750,0.108,-1.778E-2
3.767,0.108,-1.657E-2
3.784,0.109,-1.649E-2
3.800,0.110,-1.722E-2
3.817,0.110,-1.913E-2
3.834,0.111,-2.190E-2
3.850,0.111,-2.552E-2
3.867,0.112,-3.005E-2
3.884,0.113,-3.553E-2
3.900,0.113,-4.100E-2
3.917,0.114,-4.689E-2
3.934,0.114,-5.212E-2
3.950,0.114,-5.711E-2
3.967,0.115,-6.154E-2
3.984,0.115,-6.473E-2
4.000,0.115,-6.730E-2
4.017,0.114,-6.831E-2
4.034,0.114,-6.818E-2
4.050,0.114,-6.653E-2
4.067,0.113,-6.378E-2
4.084,0.112,-6.006E-2
4.100,0.111,-5.553E-2
4.117,0.111,-5.053E-2
4.134,0.110,-4.504E-2
4.150,0.109,-4.022E-2
4.167,0.108,-3.485E-2
4.184,0.108,-2.990E-2
4.200,0.107,-2.552E-2
4.217,0.107,-2.200E-2
4.234,0.106,-1.927E-2
4.250,0.106,-1.767E-2
4.267,0.105,-1.705E-2
4.284,0.105,-1.732E-2
4.300,0.105,-1.841E-2
4.317,0.105,-2.062E-2
4.334,0.104,-2.384E-2
4.350,0.104,-2.790E-2
4.367,0.104,-3.291E-2
4.384,0.104,-3.781E-2
4.400,0.104,-4.313E-2
4.417,0.105,-4.841E-2
4.434,0.106,-5.330E-2
4.450,0.106,-5.805E-2
4.467,0.107,-6.194E-2
4.484,0.108,-6.486E-2
4.500,0.109,-6.680E-2
4.517,0.110,-6.774E-2
4.534,0.111,-6.703E-2
4.550,0.112,-6.527E-2
4.567,0.113,-6.237E-2
4.584,0.113,-5.851E-2
4.600,0.114,-5.384E-2
4.617,0.114,-4.886E-2
4.634,0.115,-4.357E-2
4.651,0.115,-3.826E-2
4.667,0.115,-3.322E-2
4.684,0.115,-2.868E-2
4.701,0.115,-2.471E-2
4.717,0.115,-2.152E-2
4.734,0.115,-1.928E-2
4.751,0.114,-1.799E-2
4.767,0.114,-1.755E-2
4.784,0.113,-1.815E-2
4.801,0.113,-1.962E-2
4.817,0.112,-2.200E-2
4.834,0.112,-2.561E-2
4.851,0.111,-2.991E-2
4.867,0.110,-3.459E-2
4.884,0.109,-3.968E-2
4.901,0.108,-4.497E-2
4.917,0.108,-5.024E-2
4.934,0.107,-5.491E-2
4.951,0.106,-5.907E-2
4.967,0.106,-6.262E-2
4.984,0.105,-6.513E-2
5.001,0.105,-6.644E-2
5.017,0.105,-6.653E-2
5.034,0.105,-6.532E-2
5.051,0.105,-6.293E-2
5.067,0.105,-5.963E-2
5.084,0.106,-5.544E-2
5.101,0.107,-5.066E-2
5.117,0.108,-4.563E-2
5.134,0.108,-4.036E-2
5.151,0.109,-3.529E-2
5.167,0.110,-3.074E-2
5.184,0.111,-2.651E-2
5.201,0.111,-2.324E-2
5.217,0.112,-2.068E-2
5.234,0.113,-1.875E-2
5.251,0.114,-1.786E-2
5.267,0.114,-1.793E-2
5.284,0.115,-1.903E-2
5.301,0.115,-2.120E-2
5.317,0.115,-2.409E-2
5.334,0.116,-2.807E-2
5.351,0.116,-3.258E-2
5.367,0.116,-3.780E-2
5.384,0.115,-4.317E-2
5.401,0.115,-4.839E-2
5.417,0.114,-5.347E-2
5.434,0.114,-5.780E-2
5.451,0.114,-6.180E-2
5.467,0.113,-6.456E-2
5.484,0.112,-6.641E-2
5.501,0.111,-6.704E-2
5.517,0.110,-6.625E-2
5.534,0.109,-6.431E-2
5.551,0.107,-6.178E-2
5.567,0.107,-5.762E-2
5.584,0.105,-5.376E-2
5.601,0.105,-4.854E-2
5.617,0.105,-4.318E-2
5.634,0.105,-3.815E-2
5.651,0.105,-3.301E-2
5.667,0.106,-2.847E-2
5.684,0.106,-2.438E-2
5.701,0.107,-2.143E-2
5.717,0.107,-1.725E-2
5.734,0.108,-1.755E-2
5.751,0.108,-1.689E-2
5.767,0.108,-1.882E-2
5.784,0.108,-1.887E-2
5.801,0.109,-2.148E-2
5.817,0.109,-2.586E-2
5.834,0.110,-3.030E-2
5.851,0.110,-3.346E-2
5.867,0.110,-3.808E-2
5.884,0.109,-4.493E-2
5.901,0.110,-5.065E-2
5.917,0.110,-5.563E-2
5.934,0.111,-6.015E-2
5.951,0.111,-6.373E-2
5.967,0.112,-6.637E-2
5.984,0.113,-6.789E-2
6.001,0.113,-6.816E-2
6.017,0.113,-6.707E-2
6.034,0.113,-6.479E-2
6.051,0.113,-6.147E-2
6.067,0.113,-5.729E-2
6.084,0.112,-5.261E-2
6.101,0.112,-4.751E-2
6.117,0.112,-4.225E-2
6.134,0.111,-3.721E-2
6.151,0.111,-3.219E-2
6.167,0.111,-2.782E-2
6.184,0.110,-2.451E-2
6.201,0.109,-2.184E-2
6.217,0.108,-2.021E-2
6.234,0.108,-1.925E-2
6.251,0.107,-1.922E-2
6.267,0.107,-1.998E-2
6.284,0.107,-2.194E-2
6.301,0.106,-2.451E-2
6.317,0.105,-2.821E-2
6.334,0.105,-3.238E-2
6.351,0.105,-3.693E-2
6.367,0.104,-4.183E-2
6.384,0.104,-4.700E-2
6.401,0.104,-5.209E-2
6.417,0.104,-5.689E-2
6.434,0.104,-6.085E-2
6.451,0.105,-6.404E-2
6.467,0.105,-6.624E-2
6.484,0.106,-6.727E-2
6.501,0.107,-6.704E-2
6.517,0.107,-6.550E-2
6.534,0.108,-6.298E-2
6.551,0.109,-5.945E-2
6.567,0.110,-5.530E-2
6.584,0.111,-5.055E-2
6.601,0.112,-4.555E-2
6.617,0.112,-4.064E-2
6.634,0.113,-3.584E-2
6.651,0.113,-3.118E-2
6.667,0.114,-2.735E-2
6.684,0.114,-2.401E-2
6.701,0.114,-2.194E-2
6.717,0.114,-2.053E-2
6.734,0.114,-2.007E-2
6.751,0.114,-2.035E-2
6.767,0.114,-2.139E-2
6.784,0.114,-2.363E-2
6.801,0.113,-2.672E-2
6.817,0.113,-3.075E-2
6.834,0.112,-3.525E-2
6.851,0.111,-3.993E-2
6.867,0.111,-4.493E-2
6.884,0.110,-4.985E-2
6.901,0.109,-5.475E-2
6.917,0.108,-5.899E-2
6.934,0.107,-6.240E-2
6.951,0.107,-6.494E-2
6.967,0.106,-6.653E-2
6.984,0.105,-6.682E-2
7.001,0.105,-6.585E-2
7.017,0.104,-6.374E-2
7.034,0.104,-6.065E-2
7.051,0.104,-5.690E-2
7.067,0.104,-5.235E-2
7.084,0.104,-4.754E-2
7.101,0.105,-4.260E-2
7.117,0.105,-3.767E-2
7.134,0.106,-3.321E-2
7.151,0.106,-2.924E-2
7.167,0.107,-2.564E-2
7.184,0.107,-2.314E-2
7.201,0.108,-2.142E-2
7.217,0.109,-2.034E-2
7.234,0.109,-2.021E-2
7.251,0.110,-2.097E-2
7.267,0.110,-2.247E-2
7.284,0.111,-2.508E-2
7.301,0.112,-2.846E-2
7.317,0.112,-3.280E-2
7.334,0.113,-3.775E-2
7.351,0.113,-4.282E-2
7.367,0.113,-4.804E-2
7.384,0.113,-5.278E-2
7.401,0.113,-5.731E-2
7.417,0.113,-6.125E-2
7.434,0.113,-6.439E-2
7.451,0.113,-6.646E-2
7.467,0.112,-6.742E-2
7.484,0.112,-6.709E-2
7.501,0.111,-6.556E-2
7.517,0.110,-6.306E-2
7.534,0.109,-5.961E-2
7.551,0.109,-5.532E-2
7.567,0.108,-5.065E-2
7.584,0.107,-4.559E-2
7.601,0.107,-4.032E-2
7.617,0.107,-3.548E-2
7.634,0.106,-3.100E-2
7.651,0.107,-2.523E-2
7.667,0.107,-2.211E-2
7.684,0.106,-1.975E-2
7.701,0.106,-1.791E-2
7.718,0.106,-1.726E-2
7.734,0.106,-1.762E-2
7.751,0.106,-1.878E-2
7.768,0.106,-2.097E-2
7.784,0.106,-2.381E-2
7.801,0.106,-2.765E-2
7.818,0.107,-3.206E-2
7.834,0.107,-3.675E-2
7.851,0.107,-4.201E-2
7.868,0.108,-4.628E-2
7.884,0.108,-5.250E-2
7.901,0.108,-5.690E-2
7.918,0.109,-6.074E-2
7.934,0.110,-6.357E-2
7.951,0.110,-6.546E-2
7.968,0.111,-6.627E-2
7.984,0.112,-6.573E-2
8.001,0.113,-6.404E-2
8.018,0.113,-6.127E-2
8.034,0.114,-5.753E-2
8.051,0.114,-5.323E-2
8.068,0.114,-4.841E-2
8.084,0.113,-4.416E-2
8.101,0.113,-3.913E-2
8.118,0.113,-3.436E-2
8.134,0.113,-3.003E-2
8.151,0.114,-2.562E-2
8.168,0.113,-2.271E-2
8.184,0.113,-2.068E-2
8.201,0.112,-1.949E-2
8.218,0.112,-1.920E-2
8.234,0.111,-1.989E-2
8.251,0.111,-2.132E-2
8.268,0.110,-2.347E-2
8.284,0.109,-2.652E-2
8.301,0.109,-3.042E-2
8.318,0.108,-3.486E-2
8.334,0.107,-3.974E-2
8.351,0.107,-4.456E-2
8.368,0.106,-4.937E-2
8.384,0.106,-5.396E-2
8.401,0.105,-5.798E-2
8.418,0.105,-6.115E-2
8.434,0.105,-6.368E-2
8.451,0.105,-6.492E-2
8.468,0.105,-6.506E-2
8.484,0.106,-6.403E-2
8.501,0.106,-6.179E-2
8.518,0.107,-5.877E-2
8.534,0.108,-5.498E-2
8.551,0.109,-5.070E-2
8.568,0.109,-4.609E-2
8.584,0.110,-4.117E-2
8.601,0.111,-3.649E-2
8.618,0.111,-3.213E-2
8.634,0.112,-2.810E-2
8.651,0.113,-2.487E-2
8.668,0.113,-2.240E-2
8.684,0.114,-2.090E-2
8.701,0.114,-2.014E-2
8.718,0.114,-2.033E-2
8.734,0.115,-2.115E-2
8.751,0.115,-2.311E-2
8.768,0.115,-2.578E-2
8.784,0.115,-2.913E-2
8.801,0.115,-3.333E-2
8.818,0.114,-3.798E-2
8.834,0.114,-4.277E-2
8.851,0.113,-4.763E-2
8.868,0.113,-5.211E-2
8.884,0.112,-5.649E-2
8.901,0.111,-5.996E-2
8.918,0.110,-6.291E-2
8.934,0.109,-6.460E-2
8.951,0.109,-6.513E-2
8.968,0.108,-6.420E-2
8.984,0.107,-6.272E-2
9.001,0.107,-6.008E-2
9.018,0.106,-5.667E-2
9.034,0.105,-5.291E-2
9.051,0.105,-4.856E-2
9.068,0.104,-4.418E-2
9.084,0.104,-3.939E-2
9.101,0.104,-3.481E-2
9.118,0.105,-3.021E-2
9.134,0.105,-2.652E-2
9.151,0.106,-2.356E-2
9.168,0.106,-2.162E-2
9.184,9.747E-2,-2.478E-2
9.201,9.791E-2,-2.451E-2
9.218,9.860E-2,-2.497E-2
9.234,9.975E-2,-2.612E-2
9.251,0.108,-2.433E-2
9.268,0.108,-2.749E-2
9.284,0.109,-3.138E-2
9.301,0.109,-3.645E-2
9.318,0.109,-4.148E-2
9.334,0.110,-4.597E-2
9.351,0.111,-5.051E-2
9.368,0.111,-5.492E-2
9.384,0.112,-5.898E-2
9.401,0.113,-6.174E-2
9.418,0.113,-6.385E-2
9.434,0.113,-6.522E-2
9.451,0.113,-6.564E-2
9.468,0.113,-6.475E-2
9.484,0.113,-6.245E-2
9.501,0.112,-5.959E-2
9.518,0.112,-5.575E-2
9.534,0.111,-5.205E-2
9.551,0.110,-4.731E-2
9.568,0.110,-4.267E-2
9.584,0.109,-3.803E-2
9.601,0.108,-3.386E-2
9.618,0.108,-2.959E-2
9.634,0.108,-2.569E-2
9.651,0.108,-2.277E-2
9.668,0.108,-2.086E-2
9.684,0.107,-2.016E-2
9.701,0.107,-2.026E-2
9.718,0.106,-2.109E-2
9.734,0.106,-2.250E-2
9.751,0.106,-2.500E-2
9.768,0.106,-2.826E-2
9.784,0.106,-3.187E-2
9.801,0.106,-3.647E-2
9.818,0.106,-4.110E-2
9.834,0.106,-4.565E-2
9.851,0.106,-5.049E-2
9.868,0.106,-5.472E-2
9.884,0.106,-5.899E-2
9.901,0.106,-6.187E-2
9.918,0.107,-6.386E-2
9.934,0.108,-6.488E-2
9.951,0.109,-6.479E-2
9.968,0.110,-6.348E-2
9.984,0.111,-6.115E-2
10.001,0.111,-5.820E-2
10.018,0.112,-5.446E-2
10.034,0.113,-4.992E-2
10.051,0.113,-4.539E-2
10.068,0.114,-4.058E-2
10.084,0.114,-3.589E-2
10.101,0.114,-3.152E-2
10.118,0.115,-2.784E-2
10.134,0.114,-2.469E-2
10.151,0.114,-2.255E-2
10.168,0.114,-2.121E-2
10.184,0.114,-2.072E-2
10.201,0.114,-2.094E-2
10.218,0.113,-2.218E-2
10.234,0.113,-2.416E-2
10.251,0.112,-2.703E-2
10.268,0.111,-3.033E-2
10.284,0.111,-3.412E-2
10.301,0.110,-3.868E-2
10.318,0.109,-4.345E-2
10.334,0.109,-4.784E-2
10.351,0.108,-5.235E-2
10.368,0.107,-5.636E-2
10.384,0.107,-5.947E-2
10.401,0.106,-6.205E-2
10.418,0.106,-6.361E-2
10.434,0.106,-6.391E-2
10.451,0.106,-6.318E-2
10.468,0.106,-6.139E-2
10.484,0.106,-5.876E-2
10.501,0.106,-5.530E-2
10.518,0.106,-5.131E-2
10.534,0.107,-4.703E-2
10.551,0.108,-4.231E-2
10.568,0.108,-3.766E-2
10.584,0.109,-3.345E-2
10.601,0.109,-2.963E-2
10.618,0.110,-2.633E-2
10.634,0.111,-2.377E-2
10.651,0.111,-2.189E-2
10.668,0.112,-2.096E-2
10.684,0.112,-2.088E-2
10.701,0.113,-2.157E-2
10.718,0.113,-2.317E-2
10.734,0.114,-2.558E-2
10.751,0.114,-2.877E-2
10.768,0.114,-3.257E-2
10.785,0.114,-3.694E-2
10.801,0.114,-4.138E-2
10.818,0.114,-4.604E-2
10.835,0.114,-5.054E-2
10.851,0.113,-5.476E-2
10.868,0.113,-5.816E-2
10.885,0.112,-6.123E-2
10.901,0.112,-6.309E-2
10.918,0.111,-6.400E-2
10.935,0.110,-6.397E-2
10.951,0.110,-6.241E-2
10.968,0.109,-5.995E-2
10.985,0.109,-5.692E-2
11.001,0.108,-5.321E-2
11.018,0.107,-4.908E-2
11.035,0.106,-4.493E-2
11.051,0.106,-4.052E-2
11.068,0.106,-3.605E-2
11.085,0.106,-3.187E-2
11.101,0.106,-2.818E-2
11.118,0.106,-2.508E-2
11.135,0.106,-2.287E-2
11.151,0.106,-2.157E-2
11.168,0.106,-2.081E-2
11.185,0.106,-2.113E-2
11.201,0.106,-2.246E-2
11.218,0.106,-2.454E-2
11.235,0.106,-2.721E-2
11.251,0.107,-3.059E-2
11.268,0.107,-3.488E-2
11.285,0.107,-3.921E-2
11.301,0.108,-4.404E-2
11.318,0.108,-4.854E-2
11.335,0.109,-5.264E-2
11.351,0.110,-5.650E-2
11.368,0.110,-5.977E-2
11.385,0.111,-6.264E-2
11.401,0.111,-6.403E-2
11.418,0.112,-6.463E-2
11.435,0.112,-6.435E-2
11.451,0.112,-6.260E-2
11.468,0.113,-5.998E-2
11.485,0.113,-5.641E-2
11.501,0.113,-5.253E-2
11.518,0.113,-4.807E-2
11.535,0.113,-4.341E-2
11.551,0.113,-3.895E-2
11.568,0.113,-3.437E-2
11.585,0.112,-3.027E-2
11.601,0.112,-2.665E-2
11.618,0.112,-2.380E-2
11.635,0.111,-2.209E-2
11.651,0.111,-2.094E-2
11.668,0.110,-2.068E-2
11.685,0.110,-2.115E-2
11.701,0.109,-2.266E-2
11.718,0.108,-2.504E-2
11.735,0.108,-2.775E-2
11.751,0.107,-3.127E-2
11.768,0.107,-3.542E-2
11.785,0.106,-3.994E-2
11.801,0.106,-4.434E-2
11.818,0.106,-4.859E-2
11.835,0.106,-5.280E-2
11.851,0.106,-5.633E-2
11.868,0.106,-5.955E-2
11.885,0.106,-6.182E-2
11.901,0.106,-6.342E-2
11.918,0.106,-6.364E-2
11.935,0.107,-6.249E-2
11.951,0.108,-6.069E-2
11.968,0.109,-5.798E-2
11.985,0.110,-5.429E-2
12.001,0.110,-5.046E-2
12.018,0.111,-4.625E-2
12.035,0.112,-4.184E-2
12.051,0.112,-3.743E-2
12.068,0.113,-3.340E-2
12.085,0.113,-2.986E-2
12.101,0.114,-2.665E-2
12.118,0.114,-2.417E-2
12.135,0.114,-2.262E-2
12.151,0.114,-2.199E-2
12.168,0.114,-2.211E-2
12.185,0.114,-2.310E-2
12.201,0.114,-2.468E-2
12.218,0.114,-2.723E-2
12.235,0.114,-3.057E-2
12.251,0.113,-3.420E-2
12.268,0.112,-3.852E-2
12.285,0.112,-4.265E-2
12.301,0.111,-4.684E-2
12.318,0.111,-5.098E-2
12.335,0.110,-5.486E-2
12.351,0.109,-5.822E-2
12.368,0.108,-6.069E-2
12.385,0.108,-6.212E-2
12.401,0.107,-6.281E-2
12.418,0.107,-6.225E-2
12.435,0.106,-6.085E-2
12.451,0.106,-5.851E-2
12.468,0.106,-5.527E-2
12.485,0.106,-5.165E-2
12.501,0.106,-4.763E-2
12.518,0.106,-4.333E-2
12.535,0.107,-3.898E-2
12.551,0.107,-3.494E-2
12.568,0.107,-3.114E-2
12.585,0.108,-2.759E-2
12.601,0.108,-2.485E-2
12.618,0.109,-2.293E-2
12.635,0.109,-2.188E-2
12.651,0.110,-2.137E-2
12.668,0.111,-2.188E-2
12.685,0.111,-2.318E-2
12.701,0.111,-2.534E-2
12.718,0.112,-2.816E-2
12.735,0.112,-3.167E-2
12.751,0.113,-3.585E-2
12.768,0.113,-4.021E-2
12.785,0.113,-4.452E-2
12.801,0.113,-4.889E-2
12.818,0.113,-5.297E-2
12.835,0.113,-5.646E-2
12.851,0.113,-5.937E-2
12.868,0.113,-6.170E-2
12.885,0.113,-6.274E-2
12.901,0.112,-6.297E-2
12.918,0.112,-6.186E-2
12.935,0.111,-5.983E-2
12.951,0.111,-5.725E-2
12.968,0.110,-5.381E-2
12.985,0.110,-4.998E-2
13.001,0.109,-4.614E-2
13.018,0.108,-4.199E-2
13.035,0.108,-3.758E-2
13.051,0.107,-3.368E-2
13.068,0.107,-3.002E-2
13.085,0.107,-2.680E-2
13.101,0.107,-2.455E-2
13.118,0.106,-2.298E-2
13.135,0.107,-2.209E-2
13.151,0.106,-2.200E-2
13.168,0.106,-2.270E-2
13.185,0.106,-2.432E-2
13.201,0.107,-2.669E-2
13.218,0.106,-2.970E-2
13.235,0.106,-3.338E-2
13.251,0.107,-3.743E-2
13.268,0.107,-4.172E-2
13.285,0.107,-4.607E-2
13.301,0.107,-5.040E-2
13.318,0.108,-5.423E-2
13.335,0.108,-5.738E-2
13.351,0.109,-6.008E-2
13.368,0.109,-6.229E-2
13.385,0.110,-6.325E-2
13.401,0.110,-6.343E-2
13.418,0.111,-6.176E-2
13.435,0.111,-5.949E-2
13.451,0.112,-5.668E-2
13.468,0.112,-5.307E-2
13.485,0.113,-4.923E-2
13.501,0.113,-4.505E-2
13.518,0.113,-4.067E-2
13.535,0.113,-3.645E-2
13.551,0.113,-3.250E-2
13.568,0.113,-2.917E-2
13.585,0.113,-2.643E-2
13.601,0.112,-2.454E-2
13.618,0.112,-2.339E-2
13.635,0.112,-2.298E-2
13.651,0.111,-2.313E-2
13.668,0.111,-2.425E-2
13.685,0.110,-2.612E-2
13.701,0.110,-2.865E-2
13.718,0.109,-3.173E-2
13.735,0.109,-3.568E-2
13.751,0.108,-3.971E-2
13.768,0.108,-4.382E-2
13.785,0.107,-4.790E-2
13.801,0.107,-5.186E-2
13.818,0.106,-5.544E-2
13.835,0.106,-5.842E-2
13.852,0.106,-6.045E-2
13.868,0.106,-6.169E-2
13.885,0.106,-6.206E-2
13.902,0.106,-6.144E-2
13.918,0.106,-5.982E-2
13.935,0.107,-5.737E-2
13.952,0.107,-5.435E-2
13.968,0.108,-5.058E-2
13.985,0.108,-4.687E-2
14.002,0.109,-4.264E-2
14.018,0.110,-3.867E-2
14.035,0.110,-3.477E-2
14.052,0.111,-3.101E-2
14.068,0.112,-2.791E-2
14.085,0.112,-2.555E-2
14.102,0.113,-2.382E-2
14.118,0.113,-2.276E-2
14.135,0.114,-2.262E-2
14.152,0.114,-2.340E-2
14.168,0.114,-2.480E-2
14.185,0.114,-2.706E-2
14.202,0.114,-2.997E-2
14.218,0.114,-3.364E-2
14.235,0.114,-3.744E-2
14.252,0.114,-4.146E-2
14.268,0.113,-4.576E-2
14.285,0.113,-4.972E-2
14.302,0.112,-5.361E-2
14.318,0.112,-5.675E-2
14.335,0.111,-5.913E-2
14.352,0.110,-6.093E-2
14.368,0.110,-6.177E-2
14.385,0.109,-6.163E-2
14.402,0.108,-6.025E-2
14.418,0.108,-5.846E-2
14.435,0.107,-5.545E-2
14.452,0.107,-5.203E-2
14.468,0.107,-4.832E-2
14.485,0.107,-4.423E-2
14.502,0.107,-4.005E-2
14.518,0.107,-3.612E-2
14.535,0.107,-3.240E-2
14.552,0.107,-2.920E-2
14.568,0.107,-2.651E-2
14.585,0.107,-2.444E-2
14.602,0.108,-2.315E-2
14.618,0.108,-2.246E-2
14.635,0.108,-2.280E-2
14.652,0.109,-2.362E-2
14.668,0.109,-2.536E-2
14.685,0.110,-2.788E-2
14.702,0.110,-3.103E-2
14.718,0.110,-3.490E-2
14.735,0.111,-3.912E-2
14.752,0.111,-4.323E-2
14.768,0.111,-4.748E-2
14.785,0.112,-5.145E-2
14.802,0.112,-5.505E-2
14.818,0.112,-5.809E-2
14.835,0.112,-6.035E-2
14.852,0.112,-6.198E-2
14.868,0.112,-6.220E-2
14.885,0.112,-6.144E-2
14.902,0.112,-5.997E-2
14.918,0.112,-5.755E-2
14.935,0.111,-5.466E-2
14.952,0.111,-5.127E-2
14.968,0.110,-4.788E-2
14.985,0.110,-4.388E-2
15.002,0.109,-3.964E-2
15.018,0.110,-3.537E-2
15.035,0.109,-3.161E-2
15.052,0.109,-2.892E-2
15.068,0.109,-2.621E-2
15.085,0.108,-2.457E-2
15.102,0.108,-2.361E-2
15.118,0.107,-2.342E-2
15.135,0.107,-2.407E-2
15.152,0.107,-2.524E-2
15.168,0.106,-2.737E-2
15.185,0.106,-3.010E-2
15.202,0.106,-3.346E-2
15.218,0.106,-3.669E-2
15.235,0.106,-4.068E-2
15.252,0.106,-4.481E-2
15.268,0.106,-4.887E-2
15.285,0.106,-5.270E-2
15.302,0.107,-5.585E-2
15.318,0.107,-5.874E-2
15.335,0.108,-6.051E-2
15.352,0.108,-6.160E-2
15.368,0.108,-6.178E-2
15.385,0.109,-6.078E-2
15.402,0.110,-5.902E-2
15.418,0.110,-5.628E-2
15.435,0.111,-5.301E-2
15.452,0.111,-4.951E-2
15.468,0.112,-4.554E-2
15.485,0.112,-4.153E-2
15.502,0.113,-3.747E-2
15.518,0.113,-3.384E-2
15.535,0.113,-3.055E-2
15.552,0.114,-2.762E-2
15.568,0.114,-2.546E-2
15.585,0.113,-2.403E-2
15.602,0.113,-2.359E-2
15.618,0.113,-2.348E-2
15.635,0.113,-2.429E-2
15.652,0.113,-2.598E-2
15.668,0.112,-2.813E-2
15.685,0.112,-3.106E-2
15.702,0.111,-3.438E-2
15.718,0.111,-3.815E-2
15.735,0.110,-4.221E-2
15.752,0.110,-4.632E-2
15.768,0.109,-5.019E-2
15.785,0.108,-5.355E-2
15.802,0.108,-5.652E-2
15.818,0.108,-5.887E-2
15.835,0.107,-6.019E-2
15.852,0.107,-6.082E-2
15.868,0.107,-6.033E-2
15.885,0.106,-5.904E-2
15.902,0.107,-5.685E-2
15.918,0.107,-5.408E-2
15.935,0.107,-5.071E-2
15.952,0.107,-4.709E-2
15.968,0.108,-4.316E-2
15.985,0.108,-3.922E-2
16.002,0.109,-3.549E-2
16.018,0.109,-3.207E-2
16.035,0.109,-2.911E-2
16.052,0.110,-2.661E-2
16.068,0.111,-2.494E-2
16.085,0.111,-2.380E-2
16.102,0.112,-2.354E-2
16.118,0.112,-2.385E-2
16.135,0.113,-2.497E-2
16.152,0.113,-2.680E-2
16.168,0.113,-2.956E-2
16.185,0.113,-3.277E-2
16.202,0.114,-3.656E-2
16.218,0.114,-4.044E-2
16.235,0.113,-4.443E-2
16.252,0.113,-4.822E-2
16.268,0.113,-5.203E-2
16.285,0.113,-5.518E-2
16.302,0.113,-5.793E-2
16.318,0.112,-5.986E-2
16.335,0.111,-6.091E-2
16.352,0.111,-6.101E-2
16.368,0.110,-6.005E-2
16.385,0.110,-5.813E-2
16.402,0.109,-5.586E-2
16.418,0.108,-5.296E-2
16.435,0.108,-4.927E-2
16.452,0.107,-4.564E-2
16.468,0.106,-4.197E-2
16.485,0.106,-3.809E-2
16.502,0.106,-3.462E-2
16.518,0.106,-3.116E-2
16.535,0.106,-2.831E-2
16.552,0.106,-2.623E-2
16.568,9.768E-2,-2.909E-2
16.585,9.773E-2,-2.844E-2
16.602,9.781E-2,-2.846E-2
16.618,9.810E-2,-2.909E-2
16.635,9.833E-2,-3.068E-2
16.652,9.907E-2,-3.280E-2
16.668,9.951E-2,-3.574E-2
16.685,0.100,-3.922E-2
16.702,0.101,-4.291E-2
16.718,0.101,-4.683E-2
16.735,0.102,-5.097E-2
16.752,0.102,-5.507E-2
16.768,0.103,-5.846E-2
16.785,0.103,-6.161E-2
16.802,0.104,-6.401E-2
16.818,0.104,-6.573E-2
16.835,0.105,-6.639E-2
16.852,0.105,-6.621E-2
16.868,0.105,-6.486E-2
16.885,0.106,-6.287E-2
16.902,0.106,-6.020E-2
16.919,0.106,-5.681E-2
16.935,0.106,-5.353E-2
16.952,0.106,-4.944E-2
16.969,0.106,-4.509E-2
16.985,0.105,-4.142E-2
17.002,0.105,-3.828E-2
17.019,0.104,-3.525E-2
17.035,0.103,-3.310E-2
17.052,0.102,-3.148E-2
17.069,0.101,-3.042E-2
17.085,0.100,-3.001E-2
17.102,9.978E-2,-3.031E-2
17.119,0.100,-3.074E-2
17.135,0.100,-3.213E-2
17.152,9.970E-2,-3.459E-2
17.169,9.953E-2,-3.757E-2
17.185,9.927E-2,-4.102E-2
17.202,9.961E-2,-4.450E-2
17.219,9.951E-2,-4.830E-2
17.235,9.963E-2,-5.213E-2
17.252,9.992E-2,-5.541E-2
17.269,9.996E-2,-5.865E-2
17.285,9.999E-2,-6.139E-2
17.302,0.100,-6.338E-2
17.319,0.100,-6.468E-2
17.335,0.101,-6.491E-2
17.352,0.101,-6.394E-2
17.369,0.101,-6.287E-2
17.385,0.103,-6.007E-2
17.402,0.103,-5.748E-2
17.419,0.104,-5.320E-2
17.435,0.105,-4.977E-2
17.452,0.105,-4.611E-2
17.469,0.106,-4.218E-2
17.485,0.106,-3.857E-2
17.502,0.107,-3.525E-2
17.519,0.107,-3.268E-2
17.535,0.107,-3.075E-2
17.552,0.107,-2.977E-2
17.569,0.106,-2.957E-2
17.585,0.106,-2.940E-2
17.602,0.107,-2.956E-2
17.619,0.107,-3.097E-2
17.635,0.107,-3.259E-2
17.652,0.107,-3.519E-2
17.669,0.107,-3.834E-2
17.685,0.106,-4.194E-2
17.702,0.106,-4.574E-2
17.719,0.105,-4.963E-2
17.735,0.105,-5.349E-2
17.752,0.104,-5.674E-2
17.769,0.104,-5.955E-2
17.785,0.103,-6.184E-2
17.802,0.103,-6.315E-2
17.819,0.102,-6.379E-2
17.835,0.102,-6.351E-2
17.852,0.101,-6.231E-2
17.869,0.101,-6.053E-2
17.885,0.101,-5.801E-2
17.902,0.100,-5.489E-2
17.919,0.100,-5.138E-2
17.935,0.101,-4.772E-2
17.952,0.101,-4.382E-2
17.969,0.101,-4.007E-2
17.985,0.101,-3.686E-2
18.002,0.102,-3.370E-2
18.019,0.102,-3.134E-2
18.035,0.101,-3.003E-2
18.052,0.101,-2.957E-2
18.069,0.101,-2.955E-2
18.085,0.101,-2.986E-2
18.102,0.102,-3.069E-2
18.119,0.102,-3.256E-2
18.135,0.102,-3.506E-2
18.152,0.103,-3.803E-2
18.169,0.104,-4.129E-2
18.185,0.104,-4.525E-2
18.202,0.105,-4.904E-2
18.219,0.105,-5.267E-2
18.235,0.106,-5.634E-2
18.252,0.106,-5.954E-2
18.269,0.106,-6.166E-2
18.285,0.106,-6.409E-2
18.302,0.106,-6.541E-2
18.319,0.105,-6.574E-2
18.335,0.105,-6.504E-2
18.352,0.105,-6.321E-2
18.369,0.104,-6.113E-2
18.385,0.106,-5.686E-2
18.402,0.105,-5.356E-2
18.419,0.105,-4.991E-2
18.435,0.104,-4.614E-2
18.452,0.106,-4.105E-2
18.469,0.105,-3.734E-2
18.485,0.105,-3.416E-2
18.502,0.106,-3.005E-2
18.519,0.106,-2.775E-2
18.535,0.107,-2.619E-2
18.552,0.107,-2.493E-2
18.569,0.107,-2.475E-2
18.585,0.107,-2.539E-2
18.602,0.107,-2.652E-2
18.619,0.107,-2.833E-2
18.635,0.107,-3.090E-2
18.652,0.107,-3.383E-2
18.669,0.107,-3.731E-2
18.685,0.107,-4.100E-2
18.702,0.107,-4.468E-2
18.719,0.108,-4.819E-2
18.735,0.108,-5.152E-2
18.752,0.108,-5.468E-2
18.769,0.109,-5.701E-2
18.785,0.109,-5.869E-2
18.802,0.110,-5.954E-2
18.819,0.110,-5.951E-2
18.835,0.111,-5.876E-2
18.852,0.111,-5.698E-2
18.869,0.112,-5.476E-2
18.885,0.112,-5.172E-2
18.902,0.112,-4.839E-2
18.919,0.113,-4.461E-2
18.935,0.113,-4.108E-2
18.952,0.113,-3.732E-2
18.969,0.113,-3.394E-2
18.985,0.113,-3.090E-2
19.002,0.113,-2.843E-2
19.019,0.112,-2.682E-2
19.035,0.112,-2.574E-2
19.052,0.112,-2.515E-2
19.069,0.111,-2.523E-2
19.085,0.111,-2.613E-2
19.102,0.111,-2.766E-2
19.119,0.110,-2.977E-2
19.135,0.110,-3.250E-2
19.152,0.109,-3.564E-2
19.169,0.109,-3.893E-2
19.185,0.108,-4.263E-2
19.202,0.108,-4.631E-2
19.219,0.107,-4.975E-2
19.235,0.107,-5.278E-2
19.252,0.107,-5.549E-2
19.269,0.107,-5.756E-2
19.285,0.107,-5.886E-2
19.302,0.107,-5.918E-2
19.319,0.107,-5.883E-2
19.335,0.107,-5.754E-2
19.352,0.108,-5.557E-2
19.369,0.108,-5.297E-2
19.385,0.108,-4.993E-2
19.402,0.109,-4.657E-2
19.419,0.109,-4.287E-2
19.435,0.110,-3.937E-2
19.452,0.110,-3.594E-2
19.469,0.111,-3.274E-2
19.485,0.111,-3.005E-2
19.502,0.112,-2.786E-2
19.519,0.112,-2.660E-2
19.535,0.113,-2.554E-2
19.552,0.113,-2.539E-2
19.569,0.113,-2.588E-2
19.585,0.113,-2.698E-2
19.602,0.113,-2.870E-2
19.619,0.114,-3.104E-2
19.635,0.113,-3.391E-2
19.652,0.113,-3.708E-2
19.669,0.113,-4.068E-2
19.685,0.113,-4.421E-2
19.702,0.113,-4.767E-2
19.719,0.112,-5.098E-2
19.735,0.112,-5.385E-2
19.752,0.111,-5.612E-2
19.769,0.111,-5.784E-2
19.785,0.110,-5.859E-2
19.802,0.110,-5.859E-2
19.819,0.109,-5.783E-2
19.835,0.109,-5.618E-2
19.852,0.108,-5.395E-2
19.869,0.108,-5.110E-2
19.885,0.108,-4.784E-2
19.902,0.107,-4.439E-2
19.919,0.107,-4.098E-2
19.935,0.107,-3.759E-2
19.952,0.108,-3.403E-2
19.969,0.108,-3.114E-2
19.986,0.108,-2.878E-2
20.002,0.108,-2.690E-2
20.019,0.108,-2.593E-2
20.036,0.108,-2.516E-2
20.052,0.108,-2.533E-2
20.069,0.109,-2.600E-2
20.086,0.109,-2.734E-2
20.102,0.109,-2.931E-2
20.119,0.110,-3.188E-2
20.136,0.110,-3.494E-2
20.152,0.110,-3.817E-2
20.169,0.110,-4.179E-2
20.186,0.111,-4.546E-2
20.202,0.111,-4.879E-2
20.219,0.111,-5.194E-2
20.236,0.112,-5.475E-2
20.252,0.112,-5.682E-2
20.269,0.112,-5.834E-2
20.286,0.112,-5.892E-2
20.302,0.112,-5.845E-2
20.319,0.112,-5.742E-2
20.336,0.112,-5.550E-2
20.352,0.112,-5.304E-2
20.369,0.112,-5.004E-2
20.386,0.111,-4.667E-2
20.402,0.111,-4.315E-2
20.419,0.111,-3.952E-2
20.436,0.111,-3.607E-2
20.452,0.110,-3.291E-2
20.469,0.110,-3.012E-2
20.486,0.110,-2.804E-2
20.502,0.109,-2.629E-2
20.519,0.109,-2.546E-2
20.536,0.108,-2.540E-2
20.552,0.108,-2.580E-2
20.569,0.108,-2.697E-2
20.586,0.107,-2.858E-2
20.602,0.107,-3.076E-2
20.619,0.107,-3.368E-2
20.636,0.107,-3.671E-2
20.652,0.107,-4.009E-2
20.669,0.107,-4.370E-2
20.686,0.107,-4.701E-2
20.702,0.107,-5.031E-2
20.719,0.107,-5.321E-2
20.736,0.107,-5.534E-2
20.752,0.108,-5.713E-2
20.769,0.108,-5.821E-2
20.786,0.109,-5.828E-2
20.802,0.109,-5.770E-2
20.819,0.110,-5.621E-2
20.836,0.110,-5.420E-2
20.852,0.111,-5.161E-2
20.869,0.111,-4.868E-2
20.886,0.112,-4.531E-2
20.902,0.112,-4.187E-2
20.919,0.112,-3.859E-2
20.936,0.113,-3.520E-2
20.952,0.113,-3.247E-2
20.969,0.113,-2.997E-2
20.986,0.113,-2.808E-2
21.002,0.113,-2.687E-2
21.019,0.113,-2.618E-2
21.036,0.113,-2.622E-2
21.052,0.113,-2.679E-2
21.069,0.112,-2.807E-2
21.086,0.112,-3.001E-2
21.102,0.112,-3.214E-2
21.119,0.111,-3.505E-2
21.136,0.111,-3.823E-2
21.152,0.110,-4.176E-2
21.169,0.110,-4.512E-2
21.186,0.109,-4.841E-2
21.202,0.109,-5.139E-2
21.219,0.108,-5.392E-2
21.236,0.108,-5.609E-2
21.252,0.107,-5.746E-2
21.269,0.107,-5.806E-2
21.286,0.107,-5.786E-2
21.302,0.107,-5.671E-2
21.319,0.107,-5.498E-2
21.336,0.107,-5.265E-2
21.352,0.107,-4.989E-2
21.369,0.108,-4.682E-2
21.386,0.108,-4.348E-2
21.402,0.108,-4.011E-2
21.419,0.109,-3.684E-2
21.436,0.109,-3.383E-2
21.452,0.110,-3.115E-2
21.469,0.110,-2.901E-2
21.486,0.111,-2.742E-2
21.502,0.111,-2.669E-2
21.519,0.111,-2.633E-2
21.536,0.112,-2.660E-2
21.552,0.112,-2.757E-2
21.569,0.112,-2.920E-2
21.586,0.113,-3.129E-2
21.602,0.113,-3.401E-2
21.619,0.113,-3.690E-2
21.636,0.113,-4.018E-2
21.652,0.113,-4.355E-2
21.669,0.113,-4.697E-2
21.686,0.112,-5.017E-2
21.702,0.112,-5.282E-2
21.719,0.112,-5.510E-2
21.736,0.112,-5.683E-2
21.752,0.111,-5.769E-2
21.769,0.111,-5.789E-2
21.786,0.111,-5.731E-2
21.802,0.110,-5.592E-2
21.819,0.110,-5.394E-2
21.836,0.109,-5.143E-2
21.852,0.109,-4.850E-2
21.869,0.108,-4.533E-2
21.886,0.108,-4.203E-2
21.902,0.108,-3.856E-2
21.919,0.108,-3.540E-2
21.936,0.108,-3.247E-2
21.952,0.108,-3.002E-2
21.969,0.108,-2.830E-2
21.986,0.108,-2.692E-2
22.002,0.108,-2.621E-2
22.019,0.108,-2.621E-2
22.036,0.108,-2.680E-2
22.052,0.108,-2.797E-2
22.069,0.108,-2.977E-2
22.086,0.108,-3.228E-2
22.102,0.108,-3.507E-2
22.119,0.108,-3.806E-2
22.136,0.109,-4.144E-2
22.152,0.109,-4.483E-2
22.169,0.109,-4.809E-2
22.186,0.110,-5.104E-2
22.202,0.110,-5.356E-2
22.219,0.110,-5.578E-2
22.236,0.111,-5.715E-2
22.252,0.111,-5.789E-2
22.269,0.111,-5.774E-2
22.286,0.112,-5.684E-2
22.302,0.112,-5.518E-2
22.319,0.112,-5.323E-2
22.336,0.112,-5.032E-2
22.352,0.112,-4.737E-2
22.369,0.112,-4.415E-2
22.386,0.112,-4.106E-2
22.402,0.112,-3.767E-2
22.419,0.112,-3.472E-2
22.436,0.112,-3.196E-2
22.452,0.111,-2.974E-2
22.469,0.111,-2.808E-2
22.486,0.111,-2.697E-2
22.502,0.110,-2.672E-2
22.519,0.110,-2.709E-2
22.536,0.109,-2.799E-2
22.552,0.109,-2.951E-2
22.569,0.109,-3.135E-2
22.586,0.108,-3.400E-2
22.602,0.108,-3.686E-2
22.619,0.108,-3.992E-2
22.636,0.107,-4.313E-2
22.652,0.107,-4.628E-2
22.669,0.107,-4.942E-2
22.686,0.107,-5.212E-2
22.702,0.107,-5.437E-2
22.719,0.107,-5.618E-2
22.736,0.107,-5.717E-2
22.752,0.108,-5.732E-2
22.769,0.108,-5.690E-2
22.786,0.108,-5.559E-2
22.802,0.109,-5.384E-2
22.819,0.109,-5.151E-2
22.836,0.110,-4.883E-2
22.852,0.110,-4.580E-2
22.869,0.111,-4.264E-2
22.886,0.111,-3.951E-2
22.902,0.112,-3.632E-2
22.919,0.112,-3.352E-2
22.936,0.113,-3.106E-2
22.952,0.113,-2.920E-2
22.969,0.113,-2.782E-2
22.986,0.113,-2.699E-2
23.002,0.113,-2.702E-2
23.019,0.113,-2.763E-2
23.036,0.113,-2.888E-2
23.053,0.113,-3.059E-2
23.069,0.113,-3.283E-2
23.086,0.113,-3.544E-2
23.103,0.112,-3.826E-2
23.119,0.112,-4.164E-2
23.136,0.111,-4.485E-2
23.153,0.111,-4.815E-2
23.169,0.111,-5.071E-2
23.186,0.110,-5.313E-2
23.203,0.110,-5.517E-2
23.219,0.109,-5.646E-2
23.236,0.109,-5.704E-2
23.253,0.108,-5.700E-2
23.269,0.108,-5.632E-2
23.286,0.108,-5.479E-2
23.303,0.107,-5.265E-2
23.319,0.107,-5.008E-2
23.336,0.107,-4.727E-2
23.353,0.107,-4.416E-2
23.369,0.108,-4.093E-2
23.386,0.108,-3.779E-2
23.403,0.108,-3.492E-2
23.419,0.108,-3.241E-2
23.436,0.109,-3.013E-2
23.453,0.109,-2.841E-2
23.469,0.110,-2.735E-2
23.486,0.110,-2.696E-2
23.503,0.110,-2.726E-2
23.519,0.110,-2.793E-2
23.536,0.111,-2.944E-2
23.553,0.111,-3.122E-2
23.569,0.111,-3.370E-2
23.586,0.112,-3.653E-2
23.603,0.112,-3.952E-2
23.619,0.112,-4.294E-2
23.636,0.112,-4.604E-2
23.653,0.112,-4.899E-2
23.669,0.112,-5.184E-2
23.686,0.112,-5.411E-2
23.703,0.112,-5.595E-2
23.719,0.112,-5.688E-2
23.736,0.112,-5.736E-2
23.753,0.111,-5.683E-2
23.769,0.111,-5.574E-2
23.786,0.110,-5.411E-2
23.803,0.110,-5.148E-2
23.819,0.110,-4.874E-2
23.836,0.110,-4.594E-2
23.853,0.109,-4.272E-2
23.869,0.109,-3.955E-2
23.886,0.109,-3.655E-2
23.903,0.109,-3.375E-2
23.919,0.108,-3.136E-2
23.936,0.108,-2.948E-2
23.953,0.108,-2.819E-2
23.969,0.108,-2.745E-2
23.986,0.108,-2.726E-2
24.003,0.108,-2.776E-2
24.019,0.107,-2.867E-2
24.036,0.107,-3.035E-2
24.053,0.107,-3.243E-2
24.069,0.107,-3.504E-2
24.086,0.108,-3.783E-2
24.103,0.108,-4.107E-2
24.119,0.108,-4.404E-2
24.136,0.108,-4.713E-2
24.153,0.108,-4.999E-2
24.169,0.109,-5.249E-2
24.186,0.109,-5.442E-2
24.203,0.109,-5.588E-2
24.219,0.110,-5.662E-2
24.236,0.110,-5.659E-2
24.253,0.110,-5.587E-2
24.269,0.111,-5.446E-2
24.286,0.111,-5.271E-2
24.303,0.111,-5.031E-2
24.319,0.112,-4.737E-2
24.336,0.112,-4.465E-2
24.353,0.112,-4.145E-2
24.369,0.112,-3.856E-2
24.386,0.112,-3.590E-2
24.403,0.112,-3.330E-2
24.419,0.112,-3.113E-2
24.436,0.112,-2.946E-2
24.453,0.112,-2.841E-2
24.469,0.112,-2.790E-2
24.486,0.111,-2.800E-2
24.503,0.111,-2.862E-2
24.519,0.111,-2.995E-2
24.536,0.110,-3.185E-2
24.553,0.110,-3.423E-2
24.569,0.109,-3.690E-2
24.586,0.109,-3.980E-2
24.603,0.109,-4.282E-2
24.619,0.108,-4.595E-2
24.636,0.108,-4.889E-2
24.653,0.108,-5.134E-2
24.669,0.107,-5.362E-2
24.686,0.107,-5.515E-2
24.703,0.107,-5.612E-2
24.719,0.107,-5.652E-2
24.736,0.107,-5.612E-2
24.753,0.107,-5.497E-2
24.769,0.108,-5.338E-2
24.786,0.108,-5.113E-2
24.803,0.108,-4.856E-2
24.819,0.109,-4.573E-2
24.836,0.109,-4.286E-2
24.853,0.110,-3.977E-2
24.869,0.110,-3.689E-2
24.886,0.111,-3.444E-2
24.903,0.111,-3.223E-2
24.919,0.111,-3.040E-2
24.936,0.112,-2.905E-2
24.953,0.112,-2.824E-2
24.969,0.113,-2.794E-2
24.986,0.113,-2.828E-2
25.003,0.113,-2.932E-2
25.019,0.113,-3.081E-2
25.036,0.113,-3.287E-2
25.053,0.113,-3.532E-2
25.069,0.113,-3.823E-2
25.086,0.113,-4.124E-2
25.103,0.113,-4.431E-2
25.119,0.112,-4.720E-2
25.136,0.112,-4.984E-2
25.153,0.112,-5.222E-2
25.169,0.111,-5.414E-2
25.186,0.111,-5.548E-2
25.203,0.110,-5.613E-2
25.219,0.110,-5.609E-2
25.236,0.109,-5.552E-2
25.253,0.109,-5.413E-2
25.269,0.108,-5.227E-2
25.286,0.108,-4.987E-2
25.303,0.108,-4.725E-2
25.319,0.108,-4.434E-2
25.336,0.107,-4.130E-2
25.353,0.107,-3.838E-2
25.369,0.107,-3.564E-2
25.386,0.107,-3.299E-2
25.403,0.108,-3.108E-2
25.419,0.108,-2.931E-2
25.436,0.108,-2.819E-2
25.453,0.108,-2.768E-2
25.469,0.109,-2.779E-2
25.486,0.109,-2.830E-2
25.503,0.109,-2.940E-2
25.519,0.109,-3.126E-2
25.536,0.110,-3.337E-2
25.553,0.110,-3.606E-2
25.569,0.110,-3.897E-2
25.586,0.111,-4.192E-2
25.603,0.111,-4.502E-2
25.619,0.111,-4.786E-2
25.636,0.111,-5.057E-2
25.653,0.112,-5.283E-2
25.669,0.112,-5.451E-2
25.686,0.112,-5.574E-2
25.703,0.112,-5.620E-2
25.719,0.112,-5.587E-2
25.736,0.112,-5.503E-2
25.753,0.112,-5.333E-2
25.769,0.111,-5.133E-2
25.786,0.111,-4.881E-2
25.803,0.111,-4.610E-2
25.819,0.111,-4.308E-2
25.836,0.111,-4.014E-2
25.853,0.110,-3.720E-2
25.869,0.110,-3.475E-2
25.886,0.110,-3.242E-2
25.903,0.109,-3.057E-2
25.919,0.109,-2.914E-2
25.936,0.109,-2.832E-2
25.953,0.109,-2.817E-2
25.969,0.108,-2.849E-2
25.986,0.108,-2.928E-2
26.003,0.108,-3.071E-2
26.019,0.108,-3.268E-2
26.036,0.107,-3.491E-2
26.053,0.107,-3.767E-2
26.069,0.107,-4.036E-2
26.086,0.107,-4.333E-2
26.103,0.107,-4.625E-2
26.120,0.108,-4.890E-2
26.136,0.108,-5.144E-2
26.153,0.108,-5.332E-2
26.170,0.108,-5.465E-2
26.186,0.109,-5.535E-2
26.203,0.109,-5.565E-2
26.220,0.109,-5.503E-2
26.236,0.110,-5.382E-2
26.253,0.110,-5.207E-2
26.270,0.111,-4.980E-2
26.286,0.111,-4.729E-2
26.303,0.111,-4.436E-2
26.320,0.112,-4.175E-2
26.336,0.112,-3.900E-2
26.353,0.112,-3.623E-2
26.370,0.113,-3.380E-2
26.386,0.113,-3.189E-2
26.403,0.113,-3.039E-2
26.420,0.113,-2.942E-2
26.436,0.113,-2.885E-2
26.453,0.113,-2.876E-2
26.470,0.112,-2.930E-2
26.486,0.112,-3.043E-2
26.503,0.112,-3.200E-2
26.520,0.111,-3.429E-2
26.536,0.111,-3.667E-2
26.553,0.111,-3.951E-2
26.570,0.110,-4.240E-2
26.586,0.110,-4.544E-2
26.603,0.109,-4.804E-2
26.620,0.109,-5.064E-2
26.636,0.109,-5.276E-2
26.653,0.108,-5.418E-2
26.670,0.108,-5.518E-2
26.686,0.108,-5.557E-2
26.703,0.108,-5.528E-2
26.720,0.107,-5.449E-2
26.736,0.107,-5.294E-2
26.753,0.107,-5.105E-2
26.770,0.108,-4.860E-2
26.786,0.108,-4.590E-2
26.803,0.108,-4.314E-2
26.820,0.108,-4.022E-2
26.836,0.109,-3.760E-2
26.853,0.109,-3.508E-2
26.870,0.109,-3.285E-2
26.886,0.110,-3.110E-2
26.903,0.110,-2.976E-2
26.920,0.111,-2.887E-2
26.936,0.111,-2.857E-2
26.953,0.112,-2.881E-2
26.970,0.112,-2.950E-2
26.986,0.112,-3.090E-2
27.003,0.113,-3.277E-2
27.020,0.113,-3.521E-2
27.036,0.113,-3.775E-2
27.053,0.113,-4.074E-2
27.070,0.113,-4.363E-2
27.086,0.113,-4.639E-2
27.103,0.113,-4.907E-2
27.120,0.112,-5.146E-2
27.136,0.112,-5.344E-2
27.153,0.112,-5.451E-2
27.170,0.112,-5.540E-2
27.186,0.111,-5.539E-2
27.203,0.111,-5.501E-2
27.220,0.110,-5.389E-2
27.236,0.110,-5.217E-2
27.253,0.109,-4.999E-2
27.270,0.109,-4.770E-2
27.286,0.108,-4.495E-2
27.303,0.108,-4.186E-2
27.320,0.108,-3.913E-2
27.336,0.108,-3.650E-2
27.353,0.107,-3.414E-2
27.370,0.107,-3.221E-2
27.386,0.107,-3.064E-2
27.403,0.107,-2.957E-2
27.420,0.107,-2.907E-2
27.436,0.107,-2.891E-2
27.453,0.108,-2.935E-2
27.470,0.108,-3.018E-2
27.486,0.108,-3.167E-2
27.503,0.108,-3.364E-2
27.520,0.108,-3.595E-2
27.536,0.109,-3.865E-2
27.553,0.109,-4.163E-2
27.570,0.109,-4.440E-2
27.586,0.110,-4.730E-2
27.603,0.110,-4.970E-2
27.620,0.111,-5.182E-2
27.636,0.111,-5.367E-2
27.653,0.111,-5.467E-2
27.670,0.111,-5.535E-2
27.686,0.112,-5.526E-2
27.703,0.112,-5.445E-2
27.720,0.112,-5.322E-2
27.736,0.112,-5.114E-2
27.753,0.112,-4.891E-2
27.770,0.112,-4.617E-2
27.786,0.112,-4.355E-2
27.803,0.112,-4.061E-2
27.820,0.112,-3.807E-2
27.836,0.111,-3.546E-2
27.853,0.111,-3.338E-2
27.870,0.111,-3.150E-2
27.886,0.111,-3.036E-2
27.903,0.110,-2.940E-2
27.920,0.110,-2.920E-2
27.936,0.110,-2.929E-2
27.953,0.109,-3.000E-2
27.970,0.109,-3.124E-2
27.986,0.109,-3.285E-2
28.003,0.108,-3.503E-2
28.020,0.108,-3.741E-2
28.036,0.108,-4.011E-2
28.053,0.108,-4.287E-2
28.070,0.107,-4.560E-2
28.086,0.107,-4.803E-2
28.103,0.107,-5.048E-2
28.120,0.108,-5.225E-2
28.136,0.108,-5.359E-2
28.153,0.108,-5.439E-2
28.170,0.108,-5.452E-2
28.186,0.109,-5.416E-2
28.203,0.109,-5.309E-2
28.220,0.109,-5.141E-2
28.236,0.110,-4.951E-2
28.253,0.110,-4.720E-2
28.270,0.110,-4.462E-2
28.286,0.111,-4.199E-2
28.303,0.111,-3.931E-2
28.320,0.112,-3.680E-2
28.336,0.112,-3.471E-2
28.353,0.112,-3.275E-2
28.370,0.112,-3.138E-2
28.386,0.112,-3.074E-2
28.403,0.112,-3.028E-2
28.420,0.113,-2.980E-2
28.436,0.112,-3.053E-2
28.453,0.113,-3.112E-2
28.470,0.113,-3.262E-2
28.486,0.113,-3.441E-2
28.503,0.112,-3.661E-2
28.520,0.112,-3.934E-2
28.536,0.111,-4.216E-2
28.553,0.111,-4.496E-2
28.570,0.111,-4.744E-2
28.586,0.110,-4.984E-2
28.603,0.110,-5.183E-2
28.620,0.110,-5.331E-2
28.636,0.109,-5.432E-2
28.653,0.109,-5.482E-2
28.670,0.108,-5.467E-2
28.686,0.108,-5.385E-2
28.703,0.108,-5.248E-2
28.720,0.108,-5.071E-2
28.736,0.108,-4.862E-2
28.753,0.108,-4.602E-2
28.770,0.108,-4.341E-2
28.786,0.108,-4.073E-2
28.803,0.108,-3.804E-2
28.820,0.108,-3.571E-2
28.836,0.108,-3.360E-2
28.853,0.108,-3.191E-2
28.870,0.109,-3.064E-2
28.886,0.109,-2.997E-2
28.903,0.109,-2.963E-2
28.920,0.110,-2.968E-2
28.936,0.110,-3.027E-2
28.953,0.111,-3.158E-2
28.970,0.111,-3.302E-2
28.986,0.111,-3.514E-2
29.003,0.112,-3.743E-2
29.020,0.112,-4.004E-2
29.036,0.112,-4.294E-2
29.053,0.112,-4.560E-2
29.070,0.112,-4.822E-2
29.086,0.112,-5.038E-2
29.103,0.112,-5.234E-2
29.120,0.112,-5.368E-2
29.136,0.112,-5.461E-2
29.153,0.112,-5.477E-2
29.170,0.112,-5.434E-2
29.187,0.111,-5.326E-2
29.203,0.111,-5.179E-2
29.220,0.111,-4.994E-2
29.237,0.110,-4.750E-2
29.253,0.110,-4.495E-2
29.270,0.110,-4.217E-2
29.287,0.109,-3.962E-2
29.303,0.109,-3.719E-2
29.320,0.108,-3.477E-2
29.337,0.108,-3.287E-2
29.353,0.108,-3.131E-2
29.370,0.108,-3.028E-2
29.387,0.108,-2.969E-2
29.403,0.107,-2.956E-2
29.420,0.107,-2.996E-2
29.437,0.107,-3.093E-2
29.453,0.107,-3.210E-2
29.470,0.107,-3.386E-2
29.487,0.107,-3.607E-2
29.503,0.108,-3.836E-2
29.520,0.108,-4.085E-2
29.537,0.108,-4.355E-2
29.553,0.108,-4.611E-2
29.570,0.109,-4.866E-2
29.587,0.109,-5.061E-2
29.603,0.109,-5.225E-2
29.620,0.110,-5.347E-2
29.637,0.110,-5.408E-2
29.653,0.111,-5.406E-2
29.670,0.111,-5.348E-2
29.687,0.111,-5.241E-2
29.703,0.112,-5.061E-2
29.720,0.112,-4.859E-2
29.737,0.112,-4.640E-2
29.753,0.112,-4.382E-2
29.770,0.112,-4.127E-2
29.787,0.112,-3.874E-2
29.803,0.112,-3.634E-2
29.820,0.112,-3.423E-2
29.837,0.112,-3.242E-2
29.853,0.112,-3.126E-2
29.870,0.112,-3.040E-2
29.887,0.111,-3.010E-2
29.903,0.111,-3.034E-2
29.920,0.111,-3.099E-2
29.937,0.110,-3.192E-2
29.953,0.110,-3.355E-2
29.970,0.110,-3.535E-2
29.987,0.109,-3.759E-2
30.003,0.109,-4.017E-2
30.020,0.108,-4.267E-2
30.037,0.108,-4.521E-2
30.053,0.108,-4.750E-2
30.070,0.108,-4.972E-2
30.087,0.107,-5.148E-2
30.103,0.107,-5.276E-2
30.120,0.107,-5.361E-2
30.137,0.108,-5.379E-2
30.153,0.108,-5.341E-2
30.170,0.108,-5.246E-2
30.187,0.108,-5.108E-2
30.203,0.109,-4.920E-2
30.220,0.109,-4.720E-2
30.237,0.109,-4.475E-2
30.253,0.110,-4.220E-2
30.270,0.110,-3.965E-2
30.287,0.111,-3.725E-2
30.303,0.111,-3.504E-2
30.320,0.112,-3.317E-2
30.337,0.112,-3.181E-2
30.353,0.112,-3.092E-2
30.370,0.112,-3.037E-2
30.387,0.113,-3.031E-2
30.403,0.113,-3.064E-2
30.420,0.113,-3.166E-2
30.437,0.113,-3.292E-2
30.453,0.113,-3.467E-2
30.470,0.113,-3.675E-2
30.487,0.113,-3.914E-2
30.503,0.112,-4.175E-2
30.520,0.112,-4.421E-2
30.537,0.112,-4.663E-2
30.553,0.111,-4.897E-2
30.570,0.111,-5.089E-2
30.587,0.111,-5.255E-2
30.603,0.110,-5.354E-2
30.620,0.110,-5.414E-2
30.637,0.109,-5.396E-2
30.653,0.109,-5.323E-2
30.670,0.109,-5.209E-2
30.687,0.108,-5.041E-2
30.703,0.108,-4.847E-2
30.720,0.108,-4.600E-2
30.737,0.108,-4.345E-2
30.753,0.108,-4.095E-2
30.770,0.108,-3.838E-2
30.787,0.108,-3.606E-2
30.803,0.108,-3.400E-2
30.820,0.108,-3.223E-2
30.837,0.108,-3.108E-2
30.853,0.108,-3.038E-2
30.870,0.108,-3.000E-2
30.887,0.109,-3.012E-2
30.903,0.109,-3.071E-2
30.920,0.109,-3.179E-2
30.937,0.109,-3.335E-2
30.953,0.110,-3.522E-2
30.970,0.110,-3.730E-2
30.987,0.110,-3.981E-2
31.003,0.111,-4.244E-2
31.020,0.111,-4.481E-2
31.037,0.111,-4.724E-2
31.053,0.111,-4.950E-2
31.070,0.112,-5.130E-2
31.087,0.112,-5.271E-2
31.103,0.112,-5.358E-2
31.120,0.112,-5.393E-2
31.137,0.112,-5.357E-2
31.153,0.112,-5.279E-2
31.170,0.112,-5.151E-2
31.187,0.112,-4.981E-2
31.203,0.112,-4.775E-2
31.220,0.111,-4.542E-2
31.237,0.111,-4.276E-2
31.253,0.111,-4.025E-2
31.270,0.110,-3.792E-2
31.287,0.110,-3.557E-2
31.303,0.110,-3.376E-2
31.320,0.109,-3.233E-2
31.337,0.109,-3.111E-2
31.353,0.109,-3.046E-2
31.370,0.108,-3.052E-2
31.387,0.108,-3.082E-2
31.403,0.108,-3.149E-2
31.420,0.108,-3.276E-2
31.437,0.107,-3.451E-2
31.453,0.107,-3.634E-2
31.470,0.107,-3.875E-2
31.487,0.107,-4.110E-2
31.503,0.107,-4.348E-2
31.520,0.107,-4.579E-2
31.537,0.108,-4.801E-2
31.553,0.108,-4.990E-2
31.570,0.108,-5.153E-2
31.587,0.108,-5.261E-2
31.603,0.109,-5.340E-2
31.620,0.109,-5.336E-2
31.637,0.110,-5.295E-2
31.653,0.110,-5.189E-2
31.670,0.111,-5.036E-2
31.687,0.111,-4.853E-2
31.703,0.112,-4.646E-2
31.720,0.112,-4.428E-2
31.737,0.112,-4.171E-2
31.753,0.113,-3.943E-2
31.770,0.113,-3.708E-2
31.787,0.113,-3.526E-2
31.803,0.113,-3.347E-2
31.820,0.113,-3.219E-2
31.837,0.113,-3.138E-2
31.853,0.113,-3.103E-2
31.870,0.113,-3.106E-2
31.887,0.112,-3.158E-2
31.903,0.112,-3.260E-2
31.920,0.112,-3.407E-2
31.937,0.111,-3.588E-2
31.953,0.111,-3.796E-2
31.970,0.110,-4.026E-2
31.987,0.110,-4.269E-2
32.003,0.109,-4.507E-2
32.020,0.109,-4.730E-2
32.037,0.109,-4.932E-2
32.053,0.108,-5.089E-2
32.070,0.108,-5.219E-2
32.087,0.108,-5.290E-2
32.103,0.108,-5.328E-2
32.120,0.108,-5.292E-2
32.137,0.108,-5.221E-2
32.153,0.108,-5.088E-2
32.170,0.108,-4.907E-2
32.187,0.108,-4.716E-2
32.203,0.108,-4.506E-2
32.220,0.109,-4.264E-2
32.237,0.109,-4.026E-2
32.254,0.109,-3.807E-2
32.270,0.110,-3.592E-2
32.287,0.110,-3.409E-2
32.304,0.111,-3.278E-2
32.320,0.111,-3.181E-2
32.337,0.111,-3.141E-2
32.354,0.111,-3.139E-2
32.370,0.112,-3.157E-2
32.387,0.112,-3.239E-2
32.404,0.112,-3.363E-2
32.420,0.113,-3.526E-2
32.437,0.113,-3.729E-2
32.454,0.113,-3.950E-2
32.470,0.113,-4.178E-2
32.487,0.112,-4.422E-2
32.504,0.112,-4.647E-2
32.520,0.112,-4.861E-2
32.537,0.112,-5.048E-2
32.554,0.112,-5.189E-2
32.570,0.111,-5.298E-2
32.587,0.111,-5.343E-2
32.604,0.111,-5.340E-2
32.620,0.110,-5.284E-2
32.637,0.110,-5.185E-2
32.654,0.109,-5.019E-2
32.670,0.109,-4.842E-2
32.687,0.109,-4.614E-2
32.704,0.108,-4.380E-2
32.720,0.108,-4.158E-2
32.737,0.108,-3.914E-2
32.754,0.108,-3.691E-2
32.770,0.108,-3.483E-2
32.787,0.108,-3.328E-2
32.804,0.108,-3.201E-2
32.820,0.108,-3.124E-2
32.837,0.108,-3.089E-2
32.854,0.108,-3.107E-2
32.870,0.108,-3.161E-2
32.887,0.108,-3.251E-2
32.904,0.108,-3.407E-2
32.920,0.108,-3.587E-2
32.937,0.109,-3.771E-2
32.954,0.109,-4.006E-2
32.970,0.109,-4.242E-2
32.987,0.110,-4.461E-2
33.004,0.110,-4.700E-2
33.020,0.110,-4.889E-2
33.037,0.111,-5.068E-2
33.054,0.111,-5.203E-2
33.070,0.111,-5.299E-2
33.087,0.111,-5.315E-2
33.104,0.112,-5.299E-2
33.120,0.112,-5.211E-2
33.137,0.112,-5.088E-2
33.154,0.112,-4.935E-2
33.170,0.112,-4.758E-2
33.187,0.112,-4.543E-2
33.204,0.112,-4.312E-2
33.220,0.112,-4.083E-2
33.237,0.112,-3.861E-2
33.254,0.111,-3.650E-2
33.270,0.111,-3.460E-2
33.287,0.111,-3.303E-2
33.304,0.110,-3.212E-2
33.320,0.110,-3.135E-2
33.337,0.110,-3.125E-2
33.354,0.109,-3.135E-2
33.370,0.109,-3.220E-2
33.387,0.109,-3.321E-2
33.404,0.108,-3.471E-2
33.420,0.108,-3.655E-2
33.437,0.108,-3.857E-2
33.454,0.108,-4.073E-2
33.470,0.108,-4.297E-2
33.487,0.107,-4.525E-2
33.504,0.107,-4.727E-2
33.520,0.107,-4.907E-2
33.537,0.107,-5.039E-2
33.554,0.108,-5.139E-2
33.570,0.108,-5.200E-2
33.587,0.108,-5.204E-2
33.604,0.109,-5.151E-2
33.620,0.109,-5.063E-2
33.637,0.110,-4.933E-2
33.654,0.110,-4.767E-2
33.670,0.111,-4.568E-2
33.687,0.111,-4.355E-2
33.704,0.112,-4.135E-2
33.720,0.112,-3.915E-2
33.737,0.112,-3.723E-2
33.754,0.113,-3.529E-2
33.770,0.113,-3.373E-2
33.787,0.113,-3.252E-2
33.804,0.113,-3.191E-2
33.820,0.113,-3.143E-2
33.837,0.113,-3.152E-2
33.854,0.113,-3.208E-2
33.870,0.113,-3.306E-2
33.887,0.113,-3.445E-2
33.904,0.113,-3.603E-2
33.920,0.112,-3.791E-2
33.937,0.112,-4.013E-2
33.954,0.111,-4.236E-2
33.970,0.111,-4.460E-2
33.987,0.111,-4.672E-2
34.004,0.110,-4.863E-2
34.020,0.110,-5.029E-2
34.037,0.109,-5.143E-2
34.054,0.108,-5.215E-2
34.070,0.108,-5.225E-2
34.087,0.108,-5.199E-2
34.104,0.108,-5.134E-2
34.120,0.108,-5.004E-2
34.137,0.108,-4.843E-2
34.154,0.108,-4.651E-2
34.170,0.108,-4.454E-2
34.187,0.108,-4.229E-2
34.204,0.108,-4.019E-2
34.220,0.108,-3.802E-2
34.237,0.108,-3.601E-2
34.254,0.109,-3.443E-2
34.270,0.109,-3.299E-2
34.287,0.110,-3.199E-2
34.304,0.110,-3.155E-2
34.320,0.110,-3.138E-2
34.337,0.111,-3.167E-2
34.354,0.111,-3.246E-2
34.370,0.111,-3.374E-2
34.387,0.111,-3.527E-2
34.404,0.112,-3.716E-2
34.420,0.112,-3.922E-2
34.437,0.112,-4.143E-2
34.454,0.112,-4.386E-2
34.470,0.112,-4.602E-2
34.487,0.112,-4.806E-2
34.504,0.112,-4.979E-2
34.520,0.112,-5.133E-2
34.537,0.112,-5.232E-2
34.554,0.112,-5.280E-2
34.570,0.111,-5.263E-2
34.587,0.111,-5.230E-2
34.604,0.110,-5.124E-2
34.620,0.110,-4.997E-2
34.637,0.110,-4.816E-2
34.654,0.109,-4.621E-2
34.670,0.109,-4.394E-2
34.687,0.109,-4.195E-2
34.704,0.108,-3.963E-2
34.720,0.108,-3.752E-2
34.737,0.108,-3.566E-2
34.754,0.108,-3.419E-2
34.770,0.108,-3.289E-2
34.787,0.108,-3.197E-2
34.804,0.108,-3.147E-2
34.820,0.107,-3.165E-2
34.837,0.107,-3.214E-2
34.854,0.107,-3.303E-2
34.870,0.107,-3.437E-2
34.887,0.108,-3.591E-2
34.904,0.108,-3.783E-2
34.920,0.108,-4.012E-2
34.937,0.108,-4.230E-2
34.954,0.108,-4.456E-2
34.970,0.108,-4.671E-2
34.987,0.109,-4.849E-2
35.004,0.109,-5.029E-2
35.020,0.110,-5.142E-2
35.037,0.110,-5.217E-2
35.054,0.110,-5.241E-2
35.070,0.111,-5.236E-2
35.087,0.111,-5.158E-2
35.104,0.111,-5.061E-2
35.120,0.112,-4.917E-2
35.137,0.112,-4.740E-2
35.154,0.112,-4.556E-2
35.170,0.112,-4.356E-2
35.187,0.112,-4.148E-2
35.204,0.112,-3.932E-2
35.220,0.112,-3.740E-2
35.237,0.112,-3.555E-2
35.254,0.112,-3.420E-2
35.270,0.111,-3.316E-2
35.287,0.111,-3.253E-2
35.304,0.111,-3.232E-2
35.321,0.111,-3.250E-2
35.337,0.110,-3.323E-2
35.354,0.110,-3.436E-2
35.371,0.110,-3.558E-2
35.387,0.109,-3.737E-2
35.404,0.109,-3.933E-2
35.421,0.108,-4.134E-2
35.437,0.108,-4.346E-2
35.454,0.108,-4.555E-2
35.471,0.108,-4.743E-2
35.487,0.107,-4.896E-2
35.504,0.108,-5.028E-2
35.521,0.108,-5.117E-2
35.537,0.108,-5.164E-2
35.554,0.108,-5.159E-2
35.571,0.108,-5.118E-2
35.587,0.108,-5.030E-2
35.604,0.109,-4.905E-2
35.621,0.109,-4.744E-2
35.637,0.109,-4.562E-2
35.654,0.110,-4.362E-2
35.671,0.110,-4.160E-2
35.687,0.111,-3.965E-2
35.704,0.111,-3.765E-2
35.721,0.112,-3.605E-2
35.737,0.112,-3.456E-2
35.754,0.112,-3.336E-2
35.771,0.113,-3.267E-2
35.787,0.113,-3.239E-2
35.804,0.113,-3.232E-2
35.821,0.113,-3.285E-2
35.837,0.113,-3.374E-2
35.854,0.113,-3.498E-2
35.871,0.113,-3.675E-2
35.887,0.113,-3.868E-2
35.904,0.113,-4.075E-2
35.921,0.112,-4.270E-2
35.937,0.112,-4.503E-2
35.954,0.112,-4.683E-2
35.971,0.111,-4.853E-2
35.987,0.111,-4.994E-2
36.004,0.110,-5.100E-2
36.021,0.110,-5.173E-2
36.037,0.109,-5.189E-2
36.054,0.109,-5.157E-2
36.071,0.108,-5.085E-2
36.087,0.108,-4.985E-2
36.104,0.108,-4.834E-2
36.121,0.108,-4.651E-2
36.137,0.107,-4.461E-2
36.154,0.107,-4.255E-2
36.171,0.107,-4.046E-2
36.187,0.107,-3.854E-2
36.204,0.108,-3.654E-2
36.221,0.108,-3.494E-2
36.237,0.108,-3.347E-2
36.254,0.108,-3.262E-2
36.271,0.109,-3.210E-2
36.287,0.109,-3.185E-2
36.304,0.109,-3.209E-2
36.321,0.110,-3.290E-2
36.337,0.110,-3.381E-2
36.354,0.110,-3.539E-2
36.371,0.111,-3.704E-2
36.387,0.111,-3.918E-2
36.404,0.111,-4.142E-2
36.421,0.111,-4.368E-2
36.437,0.112,-4.581E-2
36.454,0.112,-4.775E-2
36.471,0.112,-4.947E-2
36.487,0.112,-5.075E-2
36.504,0.112,-5.169E-2
36.521,0.112,-5.221E-2
36.537,0.112,-5.220E-2
36.554,0.112,-5.176E-2
36.571,0.112,-5.090E-2
36.587,0.111,-4.947E-2
36.604,0.111,-4.798E-2
36.621,0.111,-4.605E-2
36.637,0.110,-4.415E-2
36.654,0.110,-4.196E-2
36.671,0.110,-3.996E-2
36.687,0.109,-3.784E-2
36.704,0.109,-3.607E-2
36.721,0.109,-3.477E-2
36.737,0.109,-3.354E-2
36.754,0.108,-3.265E-2
36.771,0.108,-3.222E-2
36.787,0.108,-3.234E-2
36.804,0.108,-3.282E-2
36.821,0.108,-3.353E-2
36.837,0.108,-3.463E-2
36.854,0.107,-3.611E-2
36.871,0.108,-3.791E-2
36.887,0.108,-4.002E-2
36.904,0.108,-4.192E-2
36.921,0.108,-4.415E-2
36.937,0.108,-4.617E-2
36.954,0.108,-4.786E-2
36.971,0.109,-4.927E-2
36.987,0.109,-5.059E-2
37.004,0.109,-5.121E-2
37.021,0.110,-5.151E-2
37.037,0.110,-5.132E-2
37.054,0.111,-5.078E-2
37.071,0.111,-4.990E-2
37.087,0.111,-4.849E-2
37.104,0.112,-4.704E-2
37.121,0.112,-4.513E-2
37.137,0.112,-4.323E-2
37.154,0.112,-4.125E-2
37.171,0.113,-3.916E-2
37.187,0.113,-3.753E-2
37.204,0.113,-3.597E-2
37.221,0.113,-3.472E-2
37.237,0.113,-3.357E-2
37.254,0.112,-3.306E-2
37.271,0.112,-3.290E-2
37.287,0.112,-3.318E-2
37.304,0.111,-3.384E-2
37.321,0.111,-3.484E-2
37.337,0.111,-3.624E-2
37.354,0.111,-3.767E-2
37.371,0.110,-3.946E-2
37.387,0.110,-4.151E-2
37.404,0.109,-4.341E-2
37.421,0.109,-4.527E-2
37.437,0.108,-4.713E-2
37.454,0.108,-4.867E-2
37.471,0.108,-4.975E-2
37.487,0.108,-5.062E-2
37.504,0.108,-5.105E-2
37.521,0.108,-5.094E-2
37.537,0.108,-5.051E-2
37.554,0.108,-4.965E-2
37.571,0.108,-4.841E-2
37.587,0.108,-4.682E-2
37.604,0.108,-4.510E-2
37.621,0.109,-4.332E-2
37.637,0.109,-4.134E-2
37.654,0.109,-3.949E-2
37.671,0.110,-3.755E-2
37.687,0.110,-3.605E-2
37.704,0.111,-3.471E-2
37.721,0.111,-3.354E-2
37.737,0.111,-3.296E-2
37.754,0.112,-3.257E-2
37.771,0.112,-3.271E-2
37.787,0.112,-3.325E-2
37.804,0.113,-3.408E-2
37.821,0.113,-3.527E-2
37.837,0.113,-3.685E-2
37.854,0.113,-3.871E-2
37.871,0.113,-4.071E-2
37.887,0.113,-4.293E-2
37.904,0.112,-4.487E-2
37.921,0.112,-4.655E-2
37.937,0.112,-4.829E-2
37.954,0.112,-4.970E-2
37.971,0.111,-5.077E-2
37.987,0.111,-5.136E-2
38.004,0.110,-5.154E-2
38.021,0.110,-5.119E-2
38.037,0.109,-5.039E-2
38.054,0.109,-4.937E-2
38.071,0.108,-4.793E-2
38.087,0.108,-4.610E-2
38.104,0.108,-4.429E-2
38.121,0.108,-4.225E-2
38.137,0.107,-4.026E-2
38.154,0.107,-3.831E-2
38.171,0.107,-3.669E-2
38.187,0.107,-3.532E-2
38.204,0.107,-3.409E-2
38.221,0.107,-3.329E-2
38.237,0.107,-3.270E-2
38.254,0.108,-3.264E-2
38.271,0.108,-3.283E-2
38.287,0.108,-3.324E-2
38.304,0.108,-3.431E-2
38.321,0.109,-3.558E-2
38.337,0.109,-3.712E-2
38.354,0.110,-3.910E-2
38.371,0.110,-4.106E-2
38.388,0.110,-4.324E-2
38.404,0.111,-4.517E-2
38.421,0.111,-4.724E-2
38.438,0.111,-4.876E-2
38.454,0.112,-5.014E-2
38.471,0.112,-5.108E-2
38.488,0.112,-5.153E-2
38.504,0.112,-5.168E-2
38.521,0.112,-5.126E-2
38.538,0.112,-5.049E-2
38.554,0.112,-4.913E-2
38.571,0.112,-4.767E-2
38.588,0.112,-4.592E-2
38.604,0.111,-4.397E-2
38.621,0.111,-4.201E-2
38.638,0.111,-4.002E-2
38.654,0.111,-3.826E-2
38.671,0.110,-3.651E-2
38.688,0.110,-3.526E-2
38.704,0.110,-3.407E-2
38.721,0.109,-3.352E-2
38.738,0.109,-3.304E-2
38.754,0.109,-3.292E-2
38.771,0.108,-3.331E-2
38.788,0.108,-3.408E-2
38.804,0.108,-3.519E-2
38.821,0.108,-3.651E-2
38.838,0.108,-3.806E-2
38.854,0.108,-4.002E-2
38.871,0.108,-4.187E-2
38.888,0.108,-4.389E-2
38.904,0.108,-4.563E-2
38.921,0.108,-4.715E-2
38.938,0.108,-4.860E-2
38.954,0.108,-4.967E-2
38.971,0.109,-5.050E-2
38.988,0.109,-5.073E-2
39.004,0.110,-5.053E-2
39.021,0.110,-5.002E-2
39.038,0.110,-4.900E-2
39.054,0.111,-4.775E-2
39.071,0.111,-4.613E-2
39.088,0.112,-4.439E-2
39.104,0.112,-4.267E-2
39.121,0.112,-4.091E-2
39.138,0.112,-3.904E-2
39.154,0.113,-3.742E-2
39.171,0.113,-3.600E-2
39.188,0.113,-3.489E-2
39.204,0.113,-3.404E-2
39.221,0.113,-3.346E-2
39.238,0.113,-3.332E-2
39.254,0.113,-3.362E-2
39.271,0.113,-3.413E-2
39.288,0.112,-3.507E-2
39.304,0.112,-3.649E-2
39.321,0.112,-3.805E-2
39.338,0.111,-3.963E-2
39.354,0.111,-4.153E-2
39.371,0.110,-4.342E-2
39.388,0.110,-4.524E-2
39.404,0.109,-4.686E-2
39.421,0.109,-4.810E-2
39.438,0.109,-4.932E-2
39.454,0.109,-5.007E-2
39.471,0.108,-5.037E-2
39.488,0.108,-5.050E-2
39.504,0.108,-4.990E-2
39.521,0.108,-4.922E-2
39.538,0.108,-4.799E-2
39.554,0.108,-4.654E-2
39.571,0.108,-4.466E-2
39.588,0.108,-4.305E-2
39.604,0.108,-4.125E-2
39.621,0.108,-3.949E-2
39.638,0.109,-3.770E-2
39.654,0.109,-3.621E-2
39.671,0.109,-3.509E-2
39.688,0.110,-3.410E-2
39.704,0.110,-3.348E-2
39.721,0.110,-3.332E-2
39.738,0.111,-3.335E-2
39.754,0.111,-3.387E-2
39.771,0.111,-3.461E-2
39.788,0.112,-3.572E-2
39.804,0.112,-3.725E-2
39.821,0.112,-3.895E-2
39.838,0.112,-4.080E-2
39.854,0.112,-4.270E-2
39.871,0.112,-4.459E-2
39.888,0.112,-4.644E-2
39.904,0.112,-4.817E-2
39.921,0.112,-4.938E-2
39.938,0.112,-5.032E-2
39.954,0.112,-5.091E-2
39.971,0.111,-5.100E-2
39.988,0.111,-5.095E-2
40.004,0.111,-5.023E-2
40.021,0.110,-4.899E-2
40.038,0.110,-4.763E-2
40.054,0.109,-4.605E-2
40.071,0.109,-4.428E-2
40.088,0.109,-4.222E-2
40.104,0.108,-4.041E-2
40.121,0.108,-3.855E-2
40.138,0.108,-3.683E-2
40.154,0.108,-3.543E-2
40.171,0.107,-3.445E-2
40.188,0.107,-3.358E-2
40.204,0.107,-3.304E-2
40.221,0.107,-3.292E-2
40.238,0.107,-3.333E-2
40.254,0.108,-3.367E-2
40.271,0.108,-3.456E-2
40.288,0.108,-3.583E-2
40.304,0.108,-3.728E-2
40.321,0.109,-3.887E-2
40.338,0.109,-4.090E-2
40.354,0.109,-4.271E-2
40.371,0.110,-4.472E-2
40.388,0.110,-4.635E-2
40.404,0.110,-4.803E-2
40.421,0.111,-4.925E-2
40.438,0.111,-5.010E-2
40.454,0.112,-5.062E-2
40.471,0.112,-5.080E-2
40.488,0.112,-5.052E-2
40.504,0.112,-4.970E-2
40.521,0.113,-4.853E-2
40.538,0.113,-4.721E-2
40.554,0.113,-4.553E-2
40.571,0.112,-4.391E-2
40.588,0.112,-4.200E-2
40.604,0.112,-4.007E-2
40.621,0.112,-3.832E-2
40.638,0.112,-3.678E-2
40.654,0.111,-3.542E-2
40.671,0.111,-3.446E-2
40.688,0.111,-3.381E-2
40.704,0.110,-3.347E-2
40.721,0.110,-3.346E-2
40.738,0.110,-3.397E-2
40.754,0.109,-3.460E-2
40.771,0.109,-3.551E-2
40.788,0.109,-3.695E-2
40.804,0.108,-3.835E-2
40.821,0.108,-4.013E-2
40.838,0.108,-4.179E-2
40.854,0.108,-4.366E-2
40.871,0.108,-4.523E-2
40.888,0.108,-4.676E-2
40.904,0.108,-4.808E-2
40.921,0.108,-4.900E-2
40.938,0.108,-4.960E-2
40.954,0.108,-4.991E-2
40.971,0.109,-4.979E-2
40.988,0.109,-4.915E-2
41.004,0.110,-4.819E-2
41.021,0.110,-4.696E-2
41.038,0.110,-4.563E-2
41.054,0.111,-4.397E-2
41.071,0.111,-4.247E-2
41.088,0.111,-4.061E-2
41.104,0.112,-3.898E-2
41.121,0.112,-3.745E-2
41.138,0.112,-3.611E-2
41.154,0.113,-3.515E-2
41.171,0.113,-3.431E-2
41.188,0.113,-3.392E-2
41.204,0.113,-3.389E-2
41.221,0.113,-3.420E-2
41.238,0.113,-3.486E-2
41.254,0.113,-3.565E-2
41.271,0.113,-3.688E-2
41.288,0.112,-3.831E-2
41.304,0.112,-3.993E-2
41.321,0.112,-4.164E-2
41.338,0.111,-4.356E-2
41.354,0.111,-4.527E-2
41.371,0.110,-4.672E-2
41.388,0.110,-4.808E-2
41.404,0.110,-4.911E-2
41.421,0.109,-4.989E-2
41.438,0.109,-5.028E-2
41.455,0.108,-5.008E-2
41.471,0.108,-4.963E-2
41.488,0.108,-4.880E-2
41.505,0.108,-4.770E-2
41.521,0.108,-4.639E-2
41.538,0.108,-4.467E-2
41.555,0.108,-4.298E-2
41.571,0.108,-4.132E-2
41.588,0.108,-3.957E-2
41.605,0.108,-3.800E-2
41.621,0.108,-3.663E-2
41.638,0.108,-3.551E-2
41.655,0.109,-3.466E-2
41.671,0.109,-3.423E-2
41.688,0.109,-3.392E-2
41.705,0.109,-3.410E-2
41.721,0.110,-3.447E-2
41.738,0.110,-3.531E-2
41.755,0.110,-3.644E-2
41.771,0.111,-3.769E-2
41.788,0.111,-3.935E-2
41.805,0.111,-4.113E-2
41.821,0.111,-4.278E-2
41.838,0.112,-4.469E-2
41.855,0.112,-4.637E-2
41.871,0.112,-4.793E-2
41.888,0.112,-4.922E-2
41.905,0.112,-5.016E-2
41.921,0.112,-5.065E-2
41.938,0.112,-5.088E-2
41.955,0.112,-5.068E-2
41.971,0.111,-5.001E-2
41.988,0.111,-4.889E-2
42.005,0.111,-4.757E-2
42.021,0.110,-4.616E-2
42.038,0.110,-4.433E-2
42.055,0.110,-4.237E-2
42.071,0.110,-4.047E-2
42.088,0.109,-3.879E-2
42.105,0.109,-3.709E-2
42.121,0.109,-3.598E-2
42.138,0.108,-3.488E-2
42.155,0.108,-3.403E-2
42.171,0.108,-3.364E-2
42.188,0.108,-3.345E-2
42.205,0.108,-3.381E-2
42.221,0.108,-3.431E-2
42.238,0.108,-3.521E-2
42.255,0.108,-3.649E-2
42.271,0.108,-3.771E-2
42.288,0.108,-3.941E-2
42.305,0.108,-4.114E-2
42.321,0.108,-4.279E-2
42.338,0.109,-4.455E-2
42.355,0.109,-4.606E-2
42.371,0.109,-4.758E-2
42.388,0.110,-4.878E-2
42.405,0.110,-4.956E-2
42.421,0.111,-5.003E-2
42.438,0.111,-5.006E-2
42.455,0.111,-4.967E-2
42.471,0.112,-4.897E-2
42.488,0.112,-4.807E-2
42.505,0.112,-4.680E-2
42.521,0.113,-4.525E-2
42.538,0.113,-4.371E-2
42.555,0.113,-4.187E-2
42.571,0.113,-4.023E-2
42.588,0.113,-3.856E-2
42.605,0.113,-3.721E-2
42.621,0.113,-3.586E-2
42.638,0.112,-3.488E-2
42.655,0.112,-3.422E-2
42.671,0.112,-3.401E-2
42.688,0.111,-3.400E-2
42.705,0.111,-3.443E-2
42.721,0.111,-3.516E-2
42.738,0.110,-3.609E-2
42.755,0.110,-3.725E-2
42.771,0.109,-3.879E-2
42.788,0.109,-4.024E-2
42.805,0.109,-4.199E-2
42.821,0.108,-4.356E-2
42.838,0.108,-4.520E-2
42.855,0.108,-4.664E-2
42.871,0.108,-4.779E-2
42.888,0.108,-4.862E-2
42.905,0.108,-4.908E-2
42.921,0.108,-4.934E-2
42.938,0.108,-4.910E-2
42.955,0.108,-4.859E-2
42.971,0.109,-4.776E-2
42.988,0.109,-4.662E-2
43.005,0.109,-4.518E-2
43.021,0.110,-4.357E-2
43.038,0.110,-4.196E-2
43.055,0.110,-4.051E-2
43.071,0.111,-3.886E-2
43.088,0.111,-3.766E-2
43.105,0.111,-3.631E-2
43.121,0.112,-3.525E-2
43.138,0.112,-3.466E-2
43.155,0.112,-3.438E-2
43.171,0.112,-3.446E-2
43.188,0.113,-3.467E-2
43.205,0.113,-3.532E-2
43.221,0.113,-3.628E-2
43.238,0.113,-3.743E-2
43.255,0.112,-3.888E-2
43.271,0.112,-4.034E-2
43.288,0.112,-4.200E-2
43.305,0.112,-4.355E-2
43.321,0.112,-4.507E-2
43.338,0.111,-4.666E-2
43.355,0.111,-4.790E-2
43.371,0.110,-4.883E-2
43.388,0.110,-4.953E-2
43.405,0.110,-4.982E-2
43.421,0.109,-4.958E-2
43.438,0.109,-4.922E-2
43.455,0.108,-4.828E-2
43.471,0.108,-4.717E-2
43.488,0.108,-4.588E-2
43.505,0.108,-4.437E-2
43.521,0.108,-4.287E-2
43.538,0.108,-4.111E-2
43.555,0.108,-3.944E-2
43.571,0.108,-3.793E-2
43.588,0.108,-3.660E-2
43.605,0.108,-3.549E-2
43.621,0.108,-3.467E-2
43.638,0.108,-3.434E-2
43.655,0.108,-3.394E-2
43.671,0.108,-3.431E-2
43.688,0.109,-3.462E-2
43.705,0.109,-3.555E-2
43.721,0.109,-3.664E-2
43.738,0.110,-3.793E-2
43.755,0.110,-3.941E-2
43.771,0.110,-4.113E-2
43.788,0.111,-4.287E-2
43.805,0.111,-4.436E-2
43.821,0.111,-4.607E-2
43.838,0.111,-4.740E-2
43.855,0.112,-4.852E-2
43.871,0.112,-4.956E-2
43.888,0.112,-4.992E-2
43.905,0.112,-5.015E-2
43.921,0.112,-4.995E-2
43.938,0.112,-4.932E-2
43.955,0.112,-4.843E-2
43.971,0.112,-4.725E-2
43.988,0.111,-4.560E-2
44.005,0.111,-4.420E-2
44.021,0.111,-4.251E-2
44.038,0.110,-4.071E-2
44.055,0.110,-3.904E-2
44.071,0.110,-3.747E-2
44.088,0.110,-3.612E-2
44.105,0.109,-3.530E-2
44.121,0.109,-3.444E-2
44.138,0.109,-3.392E-2
44.155,0.109,-3.396E-2
44.171,0.108,-3.417E-2
44.188,0.108,-3.480E-2
44.205,0.108,-3.577E-2
44.221,0.108,-3.673E-2
44.238,0.108,-3.824E-2
44.255,0.108,-3.971E-2
44.271,0.108,-4.121E-2
44.288,0.108,-4.290E-2
44.305,0.108,-4.456E-2
44.321,0.108,-4.597E-2
44.338,0.108,-4.736E-2
44.355,0.109,-4.840E-2
44.371,0.109,-4.910E-2
44.388,0.109,-4.952E-2
44.405,0.110,-4.952E-2
44.421,0.110,-4.923E-2
44.438,0.111,-4.857E-2
44.455,0.111,-4.764E-2
44.471,0.111,-4.652E-2
44.488,0.112,-4.504E-2
44.505,0.112,-4.362E-2
44.522,0.113,-4.184E-2
44.538,0.113,-4.027E-2
44.555,0.113,-3.898E-2
44.572,0.113,-3.768E-2
44.588,0.113,-3.656E-2
44.605,0.113,-3.569E-2
44.622,0.113,-3.505E-2
44.638,0.113,-3.487E-2
44.655,0.112,-3.497E-2
44.672,0.112,-3.532E-2
44.688,0.112,-3.610E-2
44.705,0.111,-3.689E-2
44.722,0.111,-3.813E-2
44.738,0.111,-3.945E-2
44.755,0.110,-4.101E-2
44.772,0.110,-4.262E-2
44.788,0.109,-4.410E-2
44.805,0.109,-4.543E-2
44.822,0.108,-4.670E-2
44.838,0.108,-4.767E-2
44.855,0.108,-4.861E-2
44.872,0.108,-4.908E-2
44.888,0.108,-4.910E-2
44.905,0.108,-4.881E-2
44.922,0.108,-4.833E-2
44.938,0.108,-4.739E-2
44.955,0.108,-4.643E-2
44.972,0.108,-4.514E-2
44.988,0.108,-4.370E-2
45.005,0.109,-4.214E-2
45.022,0.109,-4.079E-2
45.038,0.109,-3.919E-2
45.055,0.110,-3.788E-2
45.072,0.110,-3.670E-2
45.088,0.111,-3.593E-2
45.105,0.111,-3.525E-2
45.122,0.111,-3.512E-2
45.138,0.112,-3.492E-2
45.155,0.112,-3.529E-2
45.172,0.112,-3.592E-2
45.188,0.112,-3.681E-2
45.205,0.112,-3.807E-2
45.222,0.112,-3.952E-2
45.238,0.112,-4.094E-2
45.255,0.112,-4.237E-2
45.272,0.112,-4.403E-2
45.288,0.112,-4.551E-2
45.305,0.112,-4.686E-2
45.322,0.111,-4.787E-2
45.338,0.111,-4.879E-2
45.355,0.111,-4.924E-2
45.372,0.110,-4.953E-2
45.388,0.110,-4.939E-2
45.405,0.109,-4.899E-2
45.422,0.109,-4.813E-2
45.438,0.109,-4.713E-2
45.455,0.108,-4.573E-2
45.472,0.108,-4.428E-2
45.488,0.108,-4.268E-2
45.505,0.108,-4.118E-2
45.522,0.108,-3.958E-2
45.538,0.108,-3.827E-2
45.555,0.108,-3.695E-2
45.572,0.107,-3.588E-2
45.588,0.108,-3.527E-2
45.605,0.108,-3.490E-2
45.622,0.108,-3.466E-2
45.638,0.108,-3.470E-2
45.655,0.108,-3.516E-2
45.672,0.109,-3.586E-2
45.688,0.109,-3.690E-2
45.705,0.109,-3.822E-2
45.722,0.109,-3.958E-2
45.738,0.110,-4.128E-2
45.755,0.110,-4.299E-2
45.772,0.110,-4.443E-2
45.788,0.111,-4.599E-2
45.805,0.111,-4.734E-2
45.822,0.111,-4.833E-2
45.838,0.111,-4.913E-2
45.855,0.112,-4.955E-2
45.872,0.112,-4.979E-2
45.888,0.112,-4.948E-2
45.905,0.112,-4.876E-2
45.922,0.112,-4.796E-2
45.938,0.112,-4.678E-2
45.955,0.112,-4.547E-2
45.972,0.112,-4.386E-2
45.988,0.112,-4.236E-2
46.005,0.112,-4.080E-2
46.022,0.111,-3.934E-2
46.038,0.111,-3.781E-2
46.055,0.111,-3.669E-2
46.072,0.111,-3.577E-2
46.088,0.110,-3.502E-2
46.105,0.110,-3.481E-2
46.122,0.110,-3.471E-2
46.138,0.109,-3.485E-2
46.155,0.109,-3.552E-2
46.172,0.109,-3.639E-2
46.188,0.108,-3.750E-2
46.205,0.108,-3.876E-2
46.222,0.108,-4.010E-2
46.238,0.108,-4.165E-2
46.255,0.108,-4.308E-2
46.272,0.108,-4.464E-2
46.288,0.108,-4.605E-2
46.305,0.108,-4.723E-2
46.322,0.108,-4.810E-2
46.338,0.108,-4.865E-2
46.355,0.109,-4.901E-2
46.372,0.109,-4.906E-2
46.388,0.109,-4.864E-2
46.405,0.110,-4.792E-2
46.422,0.110,-4.705E-2
46.438,0.111,-4.590E-2
46.455,0.111,-4.449E-2
46.472,0.111,-4.299E-2
46.488,0.112,-4.162E-2
46.505,0.112,-4.027E-2
46.522,0.112,-3.903E-2
46.538,0.112,-3.785E-2
46.555,0.113,-3.683E-2
46.572,0.113,-3.597E-2
46.588,0.113,-3.555E-2
46.605,0.113,-3.533E-2
46.622,0.113,-3.535E-2
46.638,0.113,-3.580E-2
46.655,0.112,-3.651E-2
46.672,0.112,-3.745E-2
46.688,0.112,-3.845E-2
46.705,0.111,-3.988E-2
46.722,0.111,-4.135E-2
46.738,0.111,-4.278E-2
46.755,0.110,-4.430E-2
46.772,0.110,-4.557E-2
46.788,0.109,-4.654E-2
46.805,0.109,-4.750E-2
46.822,0.108,-4.829E-2
46.838,0.108,-4.865E-2
46.855,0.108,-4.863E-2
46.872,0.108,-4.838E-2
46.888,0.108,-4.771E-2
46.905,0.107,-4.700E-2
46.922,0.107,-4.588E-2
46.938,0.108,-4.450E-2
46.955,0.108,-4.329E-2
46.972,0.108,-4.175E-2
46.988,0.108,-4.034E-2
47.005,0.108,-3.899E-2
47.022,0.109,-3.771E-2
47.038,0.109,-3.678E-2
47.055,0.109,-3.592E-2
47.072,0.110,-3.530E-2
47.088,0.110,-3.514E-2
47.105,0.111,-3.512E-2
47.122,0.111,-3.548E-2
47.138,0.111,-3.604E-2
47.155,0.111,-3.702E-2
47.172,0.112,-3.803E-2
47.188,0.112,-3.939E-2
47.205,0.112,-4.100E-2
47.222,0.112,-4.233E-2
47.238,0.112,-4.391E-2
47.255,0.112,-4.536E-2
47.272,0.112,-4.661E-2
47.288,0.112,-4.773E-2
47.305,0.112,-4.847E-2
47.322,0.111,-4.882E-2
47.338,0.111,-4.893E-2
47.355,0.111,-4.865E-2
47.372,0.111,-4.824E-2
47.388,0.110,-4.753E-2
47.405,0.110,-4.639E-2
47.422,0.109,-4.523E-2
47.438,0.109,-4.379E-2
47.455,0.109,-4.218E-2
47.472,0.109,-4.073E-2
47.488,0.108,-3.956E-2
47.505,0.108,-3.810E-2
47.522,0.108,-3.695E-2
47.538,0.108,-3.608E-2
47.555,0.108,-3.525E-2
47.572,0.108,-3.491E-2
47.589,0.108,-3.474E-2
47.605,0.108,-3.501E-2
47.622,0.108,-3.538E-2
47.639,0.108,-3.599E-2
47.655,0.108,-3.710E-2
47.672,0.109,-3.834E-2
47.689,0.109,-3.971E-2
47.705,0.109,-4.122E-2
47.722,0.109,-4.278E-2
47.739,0.110,-4.416E-2
47.755,0.110,-4.562E-2
47.772,0.110,-4.692E-2
47.789,0.111,-4.783E-2
47.805,0.111,-4.858E-2
47.822,0.111,-4.899E-2
47.839,0.112,-4.911E-2
47.855,0.112,-4.885E-2
47.872,0.112,-4.822E-2
47.889,0.112,-4.750E-2
47.905,0.112,-4.640E-2
47.922,0.112,-4.495E-2
47.939,0.112,-4.360E-2
47.955,0.112,-4.216E-2
47.972,0.112,-4.065E-2
47.989,0.112,-3.926E-2
48.005,0.112,-3.811E-2
48.022,0.112,-3.693E-2
48.039,0.111,-3.602E-2
48.055,0.111,-3.541E-2
48.072,0.111,-3.509E-2
48.089,0.111,-3.509E-2
48.105,0.110,-3.534E-2
48.122,0.110,-3.585E-2
48.139,0.110,-3.657E-2
48.155,0.110,-3.756E-2
48.172,0.109,-3.889E-2
48.189,0.109,-4.025E-2
48.205,0.109,-4.171E-2
48.222,0.109,-4.311E-2
48.239,0.108,-4.457E-2
48.255,0.108,-4.574E-2
48.272,0.108,-4.672E-2
48.289,0.108,-4.753E-2
48.305,0.108,-4.807E-2
48.322,0.108,-4.833E-2
48.339,0.109,-4.833E-2
48.355,0.109,-4.790E-2
48.372,0.109,-4.725E-2
48.389,0.109,-4.646E-2
48.405,0.110,-4.527E-2
48.422,0.110,-4.416E-2
48.439,0.110,-4.272E-2
48.455,0.111,-4.150E-2
48.472,0.111,-4.007E-2
48.489,0.111,-3.896E-2
48.505,0.112,-3.775E-2
48.522,0.112,-3.692E-2
48.539,0.112,-3.625E-2
48.555,0.112,-3.585E-2
48.572,0.112,-3.579E-2
48.589,0.113,-3.575E-2
48.605,0.113,-3.620E-2
48.622,0.113,-3.691E-2
48.639,0.112,-3.789E-2
48.655,0.112,-3.913E-2
48.672,0.112,-4.044E-2
48.689,0.112,-4.164E-2
48.705,0.111,-4.298E-2
48.722,0.111,-4.445E-2
48.739,0.111,-4.555E-2
48.755,0.110,-4.659E-2
48.772,0.110,-4.741E-2
48.789,0.109,-4.803E-2
48.805,0.109,-4.840E-2
48.822,0.109,-4.826E-2
48.839,0.108,-4.793E-2
48.855,0.108,-4.720E-2
48.872,0.108,-4.632E-2
48.889,0.108,-4.535E-2
48.905,0.108,-4.426E-2
48.922,0.108,-4.285E-2
48.939,0.108,-4.147E-2
48.955,0.108,-4.025E-2
48.972,0.108,-3.893E-2
48.989,0.108,-3.785E-2
49.005,0.108,-3.693E-2
49.022,0.108,-3.618E-2
49.039,0.109,-3.571E-2
49.055,0.109,-3.543E-2
49.072,0.109,-3.560E-2
49.089,0.110,-3.583E-2
49.105,0.110,-3.637E-2
49.122,0.111,-3.734E-2
49.139,0.111,-3.851E-2
49.155,0.111,-3.964E-2
49.172,0.111,-4.099E-2
49.189,0.112,-4.254E-2
49.205,0.112,-4.393E-2
49.222,0.112,-4.547E-2
49.239,0.112,-4.644E-2
49.255,0.112,-4.755E-2
49.272,0.112,-4.815E-2
49.289,0.112,-4.851E-2
49.305,0.112,-4.877E-2
49.322,0.112,-4.863E-2
49.339,0.111,-4.804E-2
49.355,0.111,-4.726E-2
49.372,0.111,-4.622E-2
49.389,0.111,-4.502E-2
49.405,0.110,-4.356E-2
49.422,0.110,-4.219E-2
49.439,0.110,-4.077E-2
49.455,0.109,-3.943E-2
49.472,0.109,-3.828E-2
49.489,0.109,-3.726E-2
49.505,0.109,-3.648E-2
49.522,0.108,-3.572E-2
49.539,0.108,-3.543E-2
49.555,0.108,-3.532E-2
49.572,0.108,-3.555E-2
49.589,0.108,-3.595E-2
49.605,0.108,-3.667E-2
49.622,0.108,-3.761E-2
49.639,0.108,-3.883E-2
49.655,0.108,-4.004E-2
49.672,0.108,-4.137E-2
49.689,0.109,-4.272E-2
49.705,0.109,-4.416E-2
49.722,0.109,-4.532E-2
49.739,0.110,-4.662E-2
49.755,0.110,-4.752E-2
49.772,0.110,-4.804E-2
49.789,0.111,-4.852E-2
49.805,0.111,-4.862E-2
49.822,0.111,-4.821E-2
49.839,0.111,-4.769E-2
49.855,0.112,-4.686E-2
49.872,0.112,-4.578E-2
49.889,0.112,-4.451E-2
49.905,0.112,-4.319E-2
49.922,0.112,-4.182E-2
49.939,0.112,-4.044E-2
49.955,0.112,-3.922E-2
49.972,0.112,-3.808E-2
49.989,0.112,-3.708E-2
50.005,0.112,-3.644E-2
50.022,0.112,-3.594E-2
50.039,0.111,-3.567E-2
50.055,0.111,-3.576E-2
50.072,0.111,-3.606E-2
50.089,0.111,-3.668E-2
50.105,0.110,-3.741E-2
50.122,0.110,-3.848E-2
50.139,0.110,-3.965E-2
50.155,0.109,-4.076E-2
50.172,0.109,-4.222E-2
50.189,0.109,-4.347E-2
50.205,0.109,-4.472E-2
50.222,0.108,-4.591E-2
50.239,0.108,-4.665E-2
50.255,0.108,-4.747E-2
50.272,0.108,-4.789E-2
50.289,0.108,-4.805E-2
50.305,0.108,-4.794E-2
50.322,0.108,-4.744E-2
50.339,0.108,-4.682E-2
50.355,0.109,-4.593E-2
50.372,0.109,-4.474E-2
50.389,0.109,-4.358E-2
50.405,0.109,-4.217E-2
50.422,0.110,-4.099E-2
50.439,0.110,-3.983E-2
50.455,0.110,-3.863E-2
50.472,0.111,-3.781E-2
50.489,0.111,-3.706E-2
50.505,0.111,-3.637E-2
50.522,0.111,-3.617E-2
50.539,0.112,-3.611E-2
50.555,0.112,-3.650E-2
50.572,0.112,-3.693E-2
50.589,0.112,-3.772E-2
50.605,0.112,-3.862E-2
50.622,0.112,-3.972E-2
50.639,0.112,-4.080E-2
50.656,0.112,-4.216E-2
50.672,0.111,-4.355E-2
50.689,0.111,-4.478E-2
50.706,0.111,-4.590E-2
50.722,0.111,-4.674E-2
50.739,0.110,-4.764E-2
50.756,0.110,-4.814E-2
50.772,0.110,-4.816E-2
50.789,0.109,-4.814E-2
50.806,0.109,-4.763E-2
50.822,0.109,-4.692E-2
50.839,0.109,-4.602E-2
50.856,0.108,-4.511E-2
50.872,0.108,-4.393E-2
50.889,0.108,-4.268E-2
50.906,0.108,-4.130E-2
50.922,0.108,-4.003E-2
50.939,0.108,-3.883E-2
50.956,0.108,-3.784E-2
50.972,0.108,-3.704E-2
50.989,0.108,-3.633E-2
51.006,0.108,-3.601E-2
51.022,0.108,-3.584E-2
51.039,0.109,-3.587E-2
51.056,0.109,-3.630E-2
51.072,0.109,-3.682E-2
51.089,0.110,-3.763E-2
51.106,0.110,-3.871E-2
51.122,0.110,-3.984E-2
51.139,0.111,-4.121E-2
51.156,0.111,-4.258E-2
51.172,0.111,-4.402E-2
51.189,0.111,-4.518E-2
51.206,0.112,-4.620E-2
51.222,0.112,-4.718E-2
51.239,0.112,-4.776E-2
51.256,0.112,-4.811E-2
51.272,0.112,-4.821E-2
51.289,0.112,-4.795E-2
51.306,0.112,-4.752E-2
51.322,0.112,-4.677E-2
51.339,0.112,-4.560E-2
51.356,0.112,-4.452E-2
51.372,0.111,-4.314E-2
51.389,0.111,-4.175E-2
51.406,0.111,-4.055E-2
51.422,0.111,-3.925E-2
51.439,0.110,-3.808E-2
51.456,0.110,-3.709E-2
51.472,0.110,-3.626E-2
51.489,0.109,-3.585E-2
51.506,0.109,-3.551E-2
51.522,0.109,-3.549E-2
51.539,0.109,-3.582E-2
51.556,0.109,-3.615E-2
51.572,0.108,-3.690E-2
51.589,0.108,-3.774E-2
51.606,0.108,-3.905E-2
51.622,0.108,-4.023E-2
51.639,0.108,-4.165E-2
51.656,0.108,-4.284E-2
51.672,0.109,-4.412E-2
51.689,0.109,-4.528E-2
51.706,0.109,-4.633E-2
51.722,0.109,-4.717E-2
51.739,0.110,-4.766E-2
51.756,0.110,-4.800E-2
51.772,0.110,-4.807E-2
51.789,0.111,-4.770E-2
51.806,0.111,-4.726E-2
51.822,0.111,-4.628E-2
51.839,0.111,-4.533E-2
51.856,0.112,-4.419E-2
51.872,0.112,-4.295E-2
51.889,0.112,-4.156E-2
51.906,0.112,-4.035E-2
51.922,0.112,-3.921E-2
51.939,0.112,-3.826E-2
51.956,0.112,-3.740E-2
51.972,0.112,-3.671E-2
51.989,0.112,-3.624E-2
52.006,0.112,-3.615E-2
52.022,0.112,-3.628E-2
52.039,0.111,-3.658E-2
52.056,0.111,-3.722E-2
52.072,0.111,-3.790E-2
52.089,0.111,-3.885E-2
52.106,0.110,-4.001E-2
52.122,0.110,-4.115E-2
52.139,0.110,-4.248E-2
52.156,0.109,-4.368E-2
52.172,0.109,-4.489E-2
52.189,0.109,-4.583E-2
52.206,0.108,-4.664E-2
52.222,0.108,-4.732E-2
52.239,0.108,-4.769E-2
52.256,0.108,-4.767E-2
52.272,0.108,-4.738E-2
52.289,0.108,-4.697E-2
52.306,0.108,-4.632E-2
52.322,0.108,-4.532E-2
52.339,0.108,-4.440E-2
52.356,0.109,-4.317E-2
52.372,0.109,-4.185E-2
52.389,0.109,-4.074E-2
52.406,0.109,-3.961E-2
52.422,0.109,-3.865E-2
52.439,0.110,-3.793E-2
52.456,0.110,-3.723E-2
52.472,0.110,-3.663E-2
52.489,0.111,-3.643E-2
52.506,0.111,-3.650E-2
52.522,0.111,-3.673E-2
52.539,0.111,-3.724E-2
52.556,0.111,-3.793E-2
52.572,0.111,-3.892E-2
52.589,0.112,-3.993E-2
52.606,0.112,-4.106E-2
52.622,0.112,-4.220E-2
52.639,0.112,-4.351E-2
52.656,0.112,-4.464E-2
52.672,0.111,-4.585E-2
52.689,0.111,-4.673E-2
52.706,0.111,-4.737E-2
52.722,0.111,-4.785E-2
52.739,0.111,-4.794E-2
52.756,0.110,-4.772E-2
52.772,0.110,-4.731E-2
52.789,0.110,-4.652E-2
52.806,0.109,-4.582E-2
52.822,0.109,-4.482E-2
52.839,0.109,-4.363E-2
52.856,0.109,-4.236E-2
52.872,0.109,-4.094E-2
52.889,0.108,-3.984E-2
52.906,0.108,-3.876E-2
52.922,0.108,-3.773E-2
52.939,0.108,-3.698E-2
52.956,0.108,-3.640E-2
52.972,0.108,-3.610E-2
52.989,0.108,-3.606E-2
53.006,0.108,-3.628E-2
53.022,0.108,-3.669E-2
53.039,0.109,-3.726E-2
53.056,0.109,-3.821E-2
53.072,0.109,-3.913E-2
53.089,0.109,-4.038E-2
53.106,0.110,-4.161E-2
53.122,0.110,-4.292E-2
53.139,0.110,-4.405E-2
53.156,0.111,-4.527E-2
53.172,0.111,-4.630E-2
53.189,0.111,-4.701E-2
53.206,0.111,-4.752E-2
53.222,0.112,-4.785E-2
53.239,0.112,-4.782E-2
53.256,0.112,-4.763E-2
53.272,0.112,-4.716E-2
53.289,0.112,-4.650E-2
53.306,0.112,-4.554E-2
53.322,0.112,-4.436E-2
53.339,0.112,-4.328E-2
53.356,0.112,-4.192E-2
53.372,0.112,-4.071E-2
53.389,0.111,-3.957E-2
53.406,0.111,-3.850E-2
53.422,0.111,-3.748E-2
53.439,0.111,-3.683E-2
53.456,0.110,-3.657E-2
53.472,0.110,-3.629E-2
53.489,0.110,-3.626E-2
53.506,0.109,-3.662E-2
53.522,0.109,-3.705E-2
53.539,0.109,-3.782E-2
53.556,0.109,-3.877E-2
53.572,0.108,-3.982E-2
53.589,0.108,-4.108E-2
53.606,0.108,-4.215E-2
53.622,0.108,-4.328E-2
53.639,0.108,-4.448E-2
53.656,0.108,-4.555E-2
53.672,0.108,-4.650E-2
53.689,0.108,-4.714E-2
53.706,0.109,-4.761E-2
53.723,0.109,-4.781E-2
53.739,0.109,-4.776E-2
53.756,0.109,-4.749E-2
53.773,0.110,-4.674E-2
53.789,0.110,-4.603E-2
53.806,0.110,-4.514E-2
53.823,0.111,-4.396E-2
53.839,0.111,-4.285E-2
53.856,0.111,-4.164E-2
53.873,0.111,-4.054E-2
53.889,0.112,-3.940E-2
53.906,0.112,-3.845E-2
53.923,0.112,-3.776E-2
53.939,0.112,-3.731E-2
53.956,0.112,-3.681E-2
53.973,0.112,-3.692E-2
53.989,0.112,-3.699E-2
54.006,0.112,-3.739E-2
54.023,0.112,-3.785E-2
54.039,0.111,-3.880E-2
54.056,0.111,-3.973E-2
54.073,0.111,-4.072E-2
54.089,0.111,-4.183E-2
54.106,0.110,-4.286E-2
54.123,0.110,-4.409E-2
54.139,0.110,-4.501E-2
54.156,0.109,-4.577E-2
54.173,0.109,-4.666E-2
54.189,0.109,-4.716E-2
54.206,0.109,-4.747E-2
54.223,0.108,-4.746E-2
54.239,0.108,-4.726E-2
54.256,0.108,-4.674E-2
54.273,0.108,-4.596E-2
54.289,0.108,-4.513E-2
54.306,0.108,-4.416E-2
54.323,0.108,-4.304E-2
54.339,0.108,-4.187E-2
54.356,0.109,-4.068E-2
54.373,0.109,-3.949E-2
54.389,0.109,-3.853E-2
54.406,0.109,-3.774E-2
54.423,0.109,-3.719E-2
54.439,0.110,-3.686E-2
54.456,0.110,-3.674E-2
54.473,0.110,-3.681E-2
54.489,0.110,-3.724E-2
54.506,0.111,-3.779E-2
54.523,0.111,-3.849E-2
54.539,0.111,-3.943E-2
54.556,0.111,-4.034E-2
54.573,0.111,-4.145E-2
54.589,0.111,-4.264E-2
54.606,0.112,-4.384E-2
54.623,0.112,-4.481E-2
54.639,0.112,-4.569E-2
54.656,0.112,-4.654E-2
54.673,0.112,-4.708E-2
54.689,0.111,-4.730E-2
54.706,0.111,-4.741E-2
54.723,0.111,-4.729E-2
54.739,0.111,-4.685E-2
54.756,0.110,-4.619E-2
54.773,0.110,-4.534E-2
54.789,0.110,-4.428E-2
54.806,0.110,-4.318E-2
54.823,0.110,-4.199E-2
54.839,0.109,-4.079E-2
54.856,0.109,-3.965E-2
54.873,0.109,-3.867E-2
54.889,0.109,-3.773E-2
54.906,0.109,-3.706E-2
54.923,0.109,-3.672E-2
54.939,0.108,-3.644E-2
54.956,0.108,-3.637E-2
54.973,0.108,-3.663E-2
54.989,0.108,-3.710E-2
55.006,0.108,-3.779E-2
55.023,0.109,-3.861E-2
55.039,0.109,-3.961E-2
55.056,0.109,-4.074E-2
55.073,0.109,-4.185E-2
55.089,0.109,-4.306E-2
55.106,0.110,-4.417E-2
55.123,0.110,-4.533E-2
55.139,0.110,-4.629E-2
55.156,0.110,-4.705E-2
55.173,0.111,-4.739E-2
55.189,0.111,-4.761E-2
55.206,0.111,-4.764E-2
55.223,0.111,-4.740E-2
55.239,0.112,-4.688E-2
55.256,0.112,-4.637E-2
55.273,0.112,-4.534E-2
55.289,0.112,-4.416E-2
55.306,0.112,-4.311E-2
55.323,0.112,-4.194E-2
55.339,0.112,-4.076E-2
55.356,0.112,-3.975E-2
55.373,0.112,-3.879E-2
55.389,0.112,-3.781E-2
55.406,0.111,-3.722E-2
55.423,0.111,-3.674E-2
55.439,0.111,-3.654E-2
55.456,0.111,-3.652E-2
55.473,0.110,-3.701E-2
55.489,0.110,-3.739E-2
55.506,0.110,-3.800E-2
55.523,0.110,-3.886E-2
55.539,0.109,-4.005E-2
55.556,0.109,-4.114E-2
55.573,0.109,-4.225E-2
55.589,0.108,-4.336E-2
55.606,0.108,-4.453E-2
55.623,0.108,-4.529E-2
55.639,0.108,-4.609E-2
55.656,0.108,-4.669E-2
55.673,0.108,-4.714E-2
55.689,0.108,-4.717E-2
55.706,0.109,-4.702E-2
55.723,0.109,-4.681E-2
55.739,0.109,-4.615E-2
55.756,0.109,-4.523E-2
55.773,0.110,-4.432E-2
55.789,0.110,-4.332E-2
55.806,0.110,-4.211E-2
55.823,0.111,-4.115E-2
55.839,0.111,-4.015E-2
55.856,0.111,-3.920E-2
55.873,0.111,-3.837E-2
55.889,0.111,-3.765E-2
55.906,0.112,-3.712E-2
55.923,0.112,-3.698E-2
55.939,0.112,-3.686E-2
55.956,0.112,-3.707E-2
55.973,0.112,-3.754E-2
55.989,0.112,-3.814E-2
56.006,0.112,-3.908E-2
56.023,0.112,-3.997E-2
56.039,0.111,-4.097E-2
56.056,0.111,-4.210E-2
56.073,0.111,-4.319E-2
56.089,0.111,-4.408E-2
56.106,0.110,-4.509E-2
56.123,0.110,-4.588E-2
56.139,0.110,-4.660E-2
56.156,0.109,-4.691E-2
56.173,0.109,-4.706E-2
56.189,0.109,-4.694E-2
56.206,0.109,-4.664E-2
56.223,0.109,-4.610E-2
56.239,0.108,-4.539E-2
56.256,0.108,-4.441E-2
56.273,0.108,-4.337E-2
56.289,0.108,-4.234E-2
56.306,0.108,-4.134E-2
56.323,0.108,-4.027E-2
56.339,0.109,-3.927E-2
56.356,0.109,-3.829E-2
56.373,0.109,-3.772E-2
56.389,0.109,-3.727E-2
56.406,0.109,-3.701E-2
56.423,0.109,-3.686E-2
56.439,0.110,-3.698E-2
56.456,0.110,-3.737E-2
56.473,0.110,-3.796E-2
56.489,0.110,-3.874E-2
56.506,0.111,-3.964E-2
56.523,0.111,-4.066E-2
56.539,0.111,-4.171E-2
56.556,0.111,-4.282E-2
56.573,0.111,-4.401E-2
56.589,0.111,-4.488E-2
56.606,0.112,-4.586E-2
56.623,0.112,-4.642E-2
56.639,0.112,-4.691E-2
56.656,0.112,-4.718E-2
56.673,0.112,-4.715E-2
56.689,0.112,-4.702E-2
56.706,0.111,-4.647E-2
56.723,0.111,-4.593E-2
56.739,0.111,-4.505E-2
56.756,0.111,-4.417E-2
56.773,0.111,-4.310E-2
56.790,0.110,-4.205E-2
56.806,0.110,-4.087E-2
56.823,0.110,-3.965E-2
56.840,0.110,-3.873E-2
56.856,0.110,-3.789E-2
56.873,0.109,-3.728E-2
56.890,0.109,-3.698E-2
56.906,0.109,-3.668E-2
56.923,0.109,-3.681E-2
56.940,0.109,-3.703E-2
56.956,0.109,-3.759E-2
56.973,0.109,-3.821E-2
56.990,0.109,-3.911E-2
57.006,0.109,-4.014E-2
57.023,0.109,-4.124E-2
57.040,0.109,-4.232E-2
57.056,0.109,-4.343E-2
57.073,0.109,-4.457E-2
57.090,0.109,-4.547E-2
57.106,0.109,-4.613E-2
57.123,0.110,-4.671E-2
57.140,0.110,-4.715E-2
57.156,0.110,-4.734E-2
57.173,0.110,-4.732E-2
57.190,0.111,-4.696E-2
57.206,0.111,-4.647E-2
57.223,0.111,-4.568E-2
57.240,0.111,-4.482E-2
57.256,0.111,-4.379E-2
57.273,0.112,-4.269E-2
57.290,0.112,-4.170E-2
57.306,0.112,-4.066E-2
57.323,0.112,-3.965E-2
57.340,0.112,-3.856E-2
57.356,0.112,-3.806E-2
57.373,0.112,-3.742E-2
57.390,0.112,-3.706E-2
57.406,0.111,-3.697E-2
57.423,0.111,-3.709E-2
57.440,0.111,-3.745E-2
57.456,0.111,-3.798E-2
57.473,0.110,-3.867E-2
57.490,0.110,-3.970E-2
57.506,0.110,-4.059E-2
57.523,0.109,-4.174E-2
57.540,0.109,-4.275E-2
57.556,0.109,-4.375E-2
57.573,0.109,-4.475E-2
57.590,0.109,-4.562E-2
57.606,0.108,-4.627E-2
57.623,0.108,-4.663E-2
57.640,0.108,-4.701E-2
57.656,0.108,-4.690E-2
57.673,0.108,-4.680E-2
57.690,0.108,-4.638E-2
57.706,0.108,-4.562E-2
57.723,0.108,-4.501E-2
57.740,0.109,-4.405E-2
57.756,0.109,-4.283E-2
57.773,0.109,-4.192E-2
57.790,0.110,-4.077E-2
57.806,0.110,-3.983E-2
57.823,0.110,-3.901E-2
57.840,0.110,-3.810E-2
57.856,0.111,-3.753E-2
57.873,0.111,-3.725E-2
57.890,0.111,-3.703E-2
57.906,0.111,-3.712E-2
57.923,0.112,-3.731E-2
57.940,0.112,-3.792E-2
57.956,0.112,-3.844E-2
57.973,0.112,-3.929E-2
57.990,0.112,-4.018E-2
58.006,0.112,-4.132E-2
58.023,0.112,-4.224E-2
58.040,0.111,-4.332E-2
58.056,0.111,-4.431E-2
58.073,0.111,-4.512E-2
58.090,0.111,-4.575E-2
58.106,0.111,-4.631E-2
58.123,0.110,-4.662E-2
58.140,0.110,-4.659E-2
58.156,0.110,-4.653E-2
58.173,0.109,-4.610E-2
58.190,0.109,-4.555E-2
58.206,0.109,-4.484E-2
58.223,0.109,-4.407E-2
58.240,0.109,-4.295E-2
58.256,0.109,-4.196E-2
58.273,0.109,-4.091E-2
58.290,0.108,-3.987E-2
58.306,0.108,-3.899E-2
58.323,0.109,-3.827E-2
58.340,0.109,-3.759E-2
58.356,0.109,-3.718E-2
58.373,0.109,-3.687E-2
58.390,0.109,-3.684E-2
58.406,0.109,-3.714E-2
58.423,0.109,-3.755E-2
58.440,0.110,-3.817E-2
58.456,0.110,-3.898E-2
58.473,0.110,-3.992E-2
58.490,0.110,-4.085E-2
58.506,0.111,-4.192E-2
58.523,0.111,-4.297E-2
58.540,0.111,-4.409E-2
58.556,0.111,-4.494E-2
58.573,0.111,-4.565E-2
58.590,0.111,-4.616E-2
58.606,0.112,-4.657E-2
58.623,0.112,-4.678E-2
58.640,0.112,-4.663E-2
58.656,0.112,-4.630E-2
58.673,0.112,-4.573E-2
58.690,0.112,-4.523E-2
58.706,0.111,-4.426E-2
58.723,0.111,-4.343E-2
58.740,0.111,-4.227E-2
58.756,0.111,-4.122E-2
58.773,0.111,-4.036E-2
58.790,0.111,-3.943E-2
58.806,0.110,-3.844E-2
58.823,0.110,-3.781E-2
58.840,0.110,-3.729E-2
58.856,0.110,-3.696E-2
58.873,0.110,-3.684E-2
58.890,0.110,-3.701E-2
58.906,0.109,-3.731E-2
58.923,0.109,-3.773E-2
58.940,0.109,-3.848E-2
58.956,0.109,-3.941E-2
58.973,0.109,-4.031E-2
58.990,0.109,-4.133E-2
59.006,0.109,-4.237E-2
59.023,0.109,-4.337E-2
59.040,0.109,-4.439E-2
59.056,0.109,-4.530E-2
59.073,0.109,-4.597E-2
59.090,0.109,-4.659E-2
59.106,0.109,-4.681E-2
59.123,0.109,-4.683E-2
59.140,0.110,-4.667E-2
59.156,0.110,-4.627E-2
59.173,0.110,-4.572E-2
59.190,0.110,-4.497E-2
59.206,0.111,-4.407E-2
59.223,0.111,-4.304E-2
59.240,0.111,-4.202E-2
59.256,0.111,-4.100E-2
59.273,0.111,-3.992E-2
59.290,0.111,-3.917E-2
59.306,0.112,-3.827E-2
59.323,0.112,-3.773E-2
59.340,0.112,-3.737E-2
59.356,0.112,-3.711E-2
59.373,0.112,-3.707E-2
59.390,0.112,-3.737E-2
59.406,0.111,-3.766E-2
59.423,0.111,-3.830E-2
59.440,0.111,-3.900E-2
59.456,0.111,-3.984E-2
59.473,0.111,-4.083E-2
59.490,0.110,-4.196E-2
59.506,0.110,-4.294E-2
59.523,0.110,-4.381E-2
59.540,0.109,-4.466E-2
59.556,0.109,-4.530E-2
59.573,0.109,-4.604E-2
59.590,0.108,-4.648E-2
59.606,0.108,-4.668E-2
59.623,0.108,-4.658E-2
59.640,0.108,-4.627E-2
59.656,0.108,-4.590E-2
59.673,0.108,-4.517E-2
59.690,0.108,-4.448E-2
59.706,0.108,-4.348E-2
59.723,0.108,-4.238E-2
59.740,0.109,-4.158E-2
59.756,0.109,-4.059E-2
59.773,0.109,-3.967E-2
59.790,0.109,-3.895E-2
59.806,0.110,-3.816E-2
59.823,0.110,-3.766E-2
59.840,0.110,-3.733E-2
59.857,0.110,-3.726E-2
59.873,0.111,-3.734E-2
59.890,0.111,-3.767E-2
59.907,0.111,-3.807E-2
59.923,0.111,-3.876E-2
59.940,0.112,-3.966E-2
59.957,0.112,-4.065E-2
59.973,0.112,-4.151E-2
59.990,0.112,-4.251E-2
60.007,0.112,-4.347E-2
60.023,0.112,-4.444E-2
60.040,0.112,-4.515E-2
60.057,0.111,-4.573E-2
60.073,0.111,-4.624E-2
60.090,0.111,-4.652E-2
60.107,0.111,-4.656E-2
60.123,0.111,-4.634E-2
60.140,0.110,-4.579E-2
60.157,0.110,-4.519E-2
60.173,0.110,-4.435E-2
60.190,0.110,-4.340E-2
60.207,0.109,-4.249E-2
60.223,0.109,-4.153E-2
60.240,0.109,-4.059E-2
60.257,0.109,-3.958E-2
60.273,0.109,-3.889E-2
60.290,0.109,-3.825E-2
60.307,0.109,-3.768E-2
60.323,0.109,-3.733E-2
60.340,0.109,-3.712E-2
60.357,0.109,-3.723E-2
60.373,0.109,-3.732E-2
60.390,0.109,-3.792E-2
60.407,0.109,-3.839E-2
60.423,0.109,-3.905E-2
60.440,0.109,-4.006E-2
60.457,0.110,-4.108E-2
60.473,0.110,-4.209E-2
60.490,0.110,-4.311E-2
60.507,0.110,-4.408E-2
60.523,0.111,-4.482E-2
60.540,0.111,-4.565E-2
60.557,0.111,-4.612E-2
60.573,0.111,-4.653E-2
60.590,0.111,-4.659E-2
60.607,0.111,-4.636E-2
60.623,0.111,-4.607E-2
60.640,0.111,-4.559E-2
60.657,0.111,-4.490E-2
60.673,0.111,-4.400E-2
60.690,0.111,-4.306E-2
60.707,0.111,-4.199E-2
60.723,0.111,-4.114E-2
60.740,0.111,-4.004E-2
60.757,0.111,-3.912E-2
60.773,0.111,-3.844E-2
60.790,0.111,-3.788E-2
60.807,0.111,-3.744E-2
60.823,0.110,-3.711E-2
60.840,0.110,-3.707E-2
60.857,0.110,-3.733E-2
60.873,0.110,-3.763E-2
60.890,0.109,-3.819E-2
60.907,0.109,-3.899E-2
60.923,0.109,-3.969E-2
60.940,0.109,-4.077E-2
60.957,0.109,-4.167E-2
60.973,0.109,-4.276E-2
60.990,0.109,-4.371E-2
61.007,0.109,-4.461E-2
61.023,0.109,-4.539E-2
61.040,0.109,-4.601E-2
61.057,0.109,-4.655E-2
61.073,0.109,-4.677E-2
61.090,0.109,-4.674E-2
61.107,0.109,-4.646E-2
61.123,0.109,-4.599E-2
61.140,0.109,-4.550E-2
61.157,0.110,-4.471E-2
61.173,0.110,-4.380E-2
61.190,0.110,-4.282E-2
61.207,0.110,-4.181E-2
61.223,0.111,-4.081E-2
61.240,0.111,-3.992E-2
61.257,0.111,-3.902E-2
61.273,0.111,-3.831E-2
61.290,0.111,-3.793E-2
61.307,0.111,-3.749E-2
61.323,0.111,-3.748E-2
61.340,0.111,-3.754E-2
61.357,0.111,-3.783E-2
