,mass A,,
t,x,y,
0.000,0.113,-6.645E-2
0.017,0.112,-6.486E-2
0.033,0.111,-6.197E-2
0.050,0.111,-5.807E-2
0.067,0.111,-5.326E-2
0.083,0.110,-4.793E-2
0.100,0.110,-4.209E-2
0.117,0.109,-3.794E-2
0.133,0.109,-3.209E-2
0.150,0.109,-2.850E-2
0.167,0.109,-2.318E-2
0.183,0.109,-1.960E-2
0.200,0.109,-1.734E-2
0.217,0.110,-1.530E-2
0.233,0.110,-1.401E-2
0.250,0.110,-1.459E-2
0.267,0.110,-1.711E-2
0.283,0.111,-1.987E-2
0.300,0.111,-2.205E-2
0.317,0.112,-2.619E-2
0.333,0.112,-3.023E-2
0.350,0.112,-3.598E-2
0.367,0.112,-4.175E-2
0.383,0.113,-4.759E-2
0.400,0.114,-5.310E-2
0.417,0.114,-5.804E-2
0.433,0.115,-6.225E-2
0.450,0.115,-6.542E-2
0.467,0.115,-6.742E-2
0.483,0.116,-6.789E-2
0.500,0.116,-6.702E-2
0.517,0.116,-6.489E-2
0.533,0.116,-6.153E-2
0.550,0.115,-5.741E-2
0.567,0.115,-5.253E-2
0.583,0.115,-4.696E-2
0.600,0.115,-4.117E-2
0.617,0.115,-3.540E-2
0.633,0.114,-3.016E-2
0.650,0.113,-2.532E-2
0.667,0.113,-2.130E-2
0.683,0.112,-1.792E-2
0.700,0.112,-1.619E-2
0.717,0.112,-1.459E-2
0.733,0.112,-1.447E-2
0.750,0.111,-1.596E-2
0.767,0.110,-1.746E-2
0.783,0.109,-2.010E-2
0.800,0.109,-2.386E-2
0.817,0.109,-2.831E-2
0.833,0.109,-3.384E-2
0.850,0.109,-4.005E-2
0.867,0.108,-4.602E-2
0.883,0.108,-5.162E-2
0.900,0.108,-5.660E-2
0.917,0.108,-6.104E-2
0.933,0.109,-6.464E-2
0.950,0.109,-6.725E-2
0.967,0.109,-6.844E-2
0.983,0.110,-6.845E-2
1.000,0.111,-6.695E-2
1.017,0.111,-6.423E-2
1.033,0.112,-6.048E-2
1.050,0.112,-5.611E-2
1.067,0.112,-5.098E-2
1.083,0.113,-4.544E-2
1.100,0.114,-3.988E-2
1.117,0.114,-3.432E-2
1.133,0.115,-2.922E-2
1.150,0.115,-2.485E-2
1.167,0.115,-2.122E-2
1.183,0.115,-1.860E-2
1.200,0.115,-1.666E-2
1.217,0.115,-1.622E-2
1.233,0.114,-1.655E-2
1.250,0.115,-1.748E-2
1.267,0.115,-1.953E-2
1.283,0.114,-2.277E-2
1.300,0.114,-2.697E-2
1.317,0.114,-3.175E-2
1.333,0.114,-3.702E-2
1.350,0.113,-4.273E-2
1.367,0.112,-4.860E-2
1.383,0.112,-5.408E-2
1.400,0.111,-5.903E-2
1.417,0.111,-6.302E-2
1.433,0.110,-6.612E-2
1.450,0.110,-6.822E-2
1.467,0.109,-6.914E-2
1.483,0.109,-6.831E-2
1.500,0.108,-6.643E-2
1.517,0.108,-6.330E-2
1.534,0.108,-5.923E-2
1.550,0.108,-5.423E-2
1.567,0.108,-4.898E-2
1.584,0.108,-4.332E-2
1.600,0.109,-3.773E-2
1.617,0.109,-3.242E-2
1.634,0.110,-2.734E-2
1.650,0.110,-2.294E-2
1.667,0.111,-1.940E-2
1.684,0.111,-1.687E-2
1.700,0.111,-1.567E-2
1.717,0.112,-1.512E-2
1.734,0.112,-1.556E-2
1.750,0.113,-1.695E-2
1.767,0.113,-1.955E-2
1.784,0.114,-2.336E-2
1.800,0.114,-2.783E-2
1.817,0.114,-3.314E-2
1.834,0.115,-3.869E-2
1.850,0.115,-4.437E-2
1.867,0.115,-5.009E-2
1.884,0.115,-5.542E-2
1.900,0.115,-6.000E-2
1.917,0.115,-6.368E-2
1.934,0.115,-6.649E-2
1.950,0.114,-6.854E-2
1.967,0.114,-6.842E-2
1.984,0.114,-6.695E-2
2.000,0.113,-6.460E-2
2.017,0.112,-6.121E-2
2.034,0.112,-5.697E-2
2.050,0.112,-5.196E-2
2.067,0.111,-4.664E-2
2.084,0.111,-4.099E-2
2.100,0.110,-3.552E-2
2.117,0.110,-3.065E-2
2.134,0.110,-2.582E-2
2.150,0.110,-2.187E-2
2.167,0.110,-1.877E-2
2.184,0.109,-1.683E-2
2.200,0.109,-1.585E-2
2.217,0.108,-1.587E-2
2.234,0.109,-1.689E-2
2.250,0.109,-1.877E-2
2.267,0.109,-2.180E-2
2.284,0.109,-2.522E-2
2.300,0.109,-2.993E-2
2.317,0.109,-3.576E-2
2.334,0.109,-4.115E-2
2.350,0.109,-4.676E-2
2.367,0.110,-5.223E-2
2.384,0.110,-5.708E-2
2.400,0.111,-6.139E-2
2.417,0.111,-6.443E-2
2.434,0.112,-6.660E-2
2.450,0.113,-6.775E-2
2.467,0.113,-6.817E-2
2.484,0.113,-6.620E-2
2.500,0.114,-6.312E-2
2.517,0.114,-5.934E-2
2.534,0.114,-5.472E-2
2.550,0.114,-4.970E-2
2.567,0.115,-4.431E-2
2.584,0.115,-3.866E-2
2.600,0.115,-3.344E-2
2.617,0.115,-2.846E-2
2.634,0.114,-2.447E-2
2.650,0.114,-2.114E-2
2.667,0.114,-1.851E-2
2.684,0.114,-1.702E-2
2.700,0.114,-1.648E-2
2.717,0.113,-1.704E-2
2.734,0.112,-1.836E-2
2.750,0.112,-2.074E-2
2.767,0.112,-2.421E-2
2.784,0.111,-2.831E-2
2.800,0.111,-3.344E-2
2.817,0.110,-3.877E-2
2.834,0.110,-4.434E-2
2.850,0.109,-4.979E-2
2.867,0.109,-5.483E-2
2.884,0.109,-5.939E-2
2.900,0.109,-6.314E-2
2.917,0.108,-6.562E-2
2.934,0.108,-6.734E-2
2.950,0.108,-6.768E-2
2.967,0.109,-6.649E-2
2.984,0.109,-6.424E-2
3.000,0.109,-6.093E-2
3.017,0.109,-5.689E-2
3.034,0.110,-5.199E-2
3.050,0.110,-4.683E-2
3.067,0.111,-4.133E-2
3.084,0.112,-3.601E-2
3.100,0.112,-3.092E-2
3.117,0.113,-2.645E-2
3.134,0.113,-2.273E-2
3.150,0.113,-1.981E-2
3.167,0.113,-1.829E-2
3.184,0.113,-1.734E-2
3.200,0.114,-1.717E-2
3.217,0.114,-1.792E-2
3.234,0.115,-1.958E-2
3.250,0.115,-2.227E-2
3.267,0.115,-2.595E-2
3.284,0.115,-3.033E-2
3.300,0.115,-3.548E-2
3.317,0.115,-4.088E-2
3.334,0.115,-4.634E-2
3.350,0.114,-5.170E-2
3.367,0.114,-5.664E-2
3.384,0.113,-6.092E-2
3.400,0.113,-6.422E-2
3.417,0.113,-6.657E-2
3.434,0.112,-6.761E-2
3.450,0.111,-6.743E-2
3.467,0.110,-6.610E-2
3.484,0.110,-6.341E-2
3.500,0.109,-5.975E-2
3.517,0.109,-5.527E-2
3.534,0.109,-5.029E-2
3.550,0.108,-4.500E-2
3.567,0.108,-3.956E-2
3.584,0.108,-3.430E-2
3.600,0.108,-2.941E-2
3.617,0.109,-2.523E-2
3.634,0.109,-2.144E-2
3.650,0.109,-1.890E-2
3.667,0.109,-1.706E-2
3.684,0.109,-1.632E-2
3.700,0.110,-1.639E-2
3.717,0.110,-1.753E-2
3.734,0.111,-1.981E-2
3.750,0.111,-2.291E-2
3.767,0.111,-2.681E-2
3.784,0.112,-3.175E-2
3.800,0.112,-3.713E-2
3.817,0.112,-4.238E-2
3.834,0.113,-4.786E-2
3.850,0.113,-5.301E-2
3.867,0.113,-5.770E-2
3.884,0.114,-6.153E-2
3.900,0.114,-6.446E-2
3.917,0.114,-6.623E-2
3.934,0.114,-6.710E-2
3.950,0.114,-6.639E-2
3.967,0.114,-6.449E-2
3.984,0.114,-6.135E-2
4.000,0.114,-5.757E-2
4.017,0.114,-5.309E-2
4.034,0.114,-4.801E-2
4.050,0.113,-4.275E-2
4.067,0.113,-3.755E-2
4.084,0.112,-3.255E-2
4.100,0.112,-2.772E-2
4.117,0.112,-2.387E-2
4.134,0.111,-2.056E-2
4.150,0.111,-1.833E-2
4.167,0.111,-1.702E-2
4.184,0.110,-1.684E-2
4.200,0.110,-1.761E-2
4.217,0.109,-1.909E-2
4.234,0.109,-2.182E-2
4.250,0.109,-2.506E-2
4.267,0.109,-2.938E-2
4.284,0.109,-3.418E-2
4.300,0.108,-3.954E-2
4.317,0.108,-4.492E-2
4.334,0.108,-5.014E-2
4.350,0.109,-5.487E-2
4.367,0.109,-5.907E-2
4.384,0.109,-6.242E-2
4.400,0.110,-6.498E-2
4.417,0.110,-6.624E-2
4.434,0.110,-6.674E-2
4.450,0.111,-6.565E-2
4.467,0.111,-6.309E-2
4.484,0.112,-5.963E-2
4.500,0.112,-5.555E-2
4.517,0.113,-5.061E-2
4.534,0.113,-4.551E-2
4.550,0.114,-4.030E-2
4.567,0.114,-3.531E-2
4.584,0.114,-3.055E-2
4.601,0.115,-2.649E-2
4.617,0.115,-2.291E-2
4.634,0.115,-2.013E-2
4.651,0.115,-1.868E-2
4.667,0.115,-1.780E-2
4.684,0.114,-1.798E-2
4.701,0.114,-1.913E-2
4.717,0.114,-2.122E-2
4.734,0.114,-2.417E-2
4.751,0.114,-2.792E-2
4.767,0.113,-3.234E-2
4.784,0.113,-3.734E-2
4.801,0.112,-4.278E-2
4.817,0.112,-4.813E-2
4.834,0.111,-5.316E-2
4.851,0.111,-5.774E-2
4.867,0.110,-6.150E-2
4.884,0.110,-6.437E-2
4.901,0.109,-6.620E-2
4.917,0.109,-6.684E-2
4.934,0.109,-6.605E-2
4.951,0.109,-6.426E-2
4.967,0.109,-6.124E-2
4.984,0.108,-5.747E-2
5.001,0.108,-5.313E-2
5.017,0.108,-4.837E-2
5.034,0.109,-4.315E-2
5.051,0.109,-3.774E-2
5.067,0.110,-3.284E-2
5.084,0.110,-2.844E-2
5.101,0.111,-2.427E-2
5.117,0.111,-2.125E-2
5.134,0.111,-1.934E-2
5.151,0.111,-1.828E-2
5.167,0.112,-1.789E-2
5.184,0.112,-1.841E-2
5.201,0.113,-1.984E-2
5.217,0.113,-2.197E-2
5.234,0.114,-2.521E-2
5.251,0.114,-2.918E-2
5.267,0.115,-3.399E-2
5.284,0.115,-3.904E-2
5.301,0.115,-4.446E-2
5.317,0.115,-4.956E-2
5.334,0.115,-5.449E-2
5.351,0.115,-5.884E-2
5.367,0.115,-6.240E-2
5.384,0.114,-6.494E-2
5.401,0.114,-6.628E-2
5.417,0.114,-6.649E-2
5.434,0.113,-6.541E-2
5.451,0.112,-6.333E-2
5.467,0.112,-6.006E-2
5.484,0.111,-5.610E-2
5.501,0.111,-5.152E-2
5.517,0.110,-4.663E-2
5.534,0.110,-4.142E-2
5.551,0.110,-3.627E-2
5.567,0.109,-3.149E-2
5.584,0.109,-2.716E-2
5.601,0.109,-2.351E-2
5.617,0.109,-2.053E-2
5.634,0.109,-1.852E-2
5.651,0.109,-1.730E-2
5.667,0.109,-1.733E-2
5.684,0.109,-1.815E-2
5.701,0.109,-1.997E-2
5.717,0.109,-2.261E-2
5.734,0.109,-2.623E-2
5.751,0.109,-3.045E-2
5.767,0.110,-3.531E-2
5.784,0.110,-4.045E-2
5.801,0.110,-4.584E-2
5.817,0.111,-5.086E-2
5.834,0.111,-5.544E-2
5.851,0.112,-5.950E-2
5.867,0.112,-6.249E-2
5.884,0.113,-6.471E-2
5.901,0.113,-6.586E-2
5.917,0.113,-6.590E-2
5.934,0.114,-6.429E-2
5.951,0.114,-6.173E-2
5.967,0.114,-5.824E-2
5.984,0.114,-5.427E-2
6.001,0.114,-4.942E-2
6.017,0.115,-4.454E-2
6.034,0.114,-3.938E-2
6.051,0.114,-3.449E-2
6.067,0.114,-3.003E-2
6.084,0.114,-2.611E-2
6.101,0.114,-2.287E-2
6.117,0.113,-2.043E-2
6.134,0.113,-1.889E-2
6.151,0.112,-1.840E-2
6.167,0.112,-1.871E-2
6.184,0.111,-2.004E-2
6.201,0.111,-2.218E-2
6.217,0.111,-2.517E-2
6.234,0.111,-2.903E-2
6.251,0.110,-3.368E-2
6.267,0.109,-3.858E-2
6.284,0.109,-4.350E-2
6.301,0.109,-4.854E-2
6.317,0.109,-5.324E-2
6.334,0.108,-5.732E-2
6.351,0.108,-6.087E-2
6.367,0.108,-6.337E-2
6.384,0.108,-6.486E-2
6.401,0.109,-6.541E-2
6.417,0.109,-6.464E-2
6.434,0.109,-6.275E-2
6.451,0.109,-5.973E-2
6.467,0.110,-5.602E-2
6.484,0.111,-5.140E-2
6.501,0.111,-4.679E-2
6.517,0.112,-4.174E-2
6.534,0.112,-3.695E-2
6.551,0.113,-3.236E-2
6.567,0.113,-2.809E-2
6.584,0.113,-2.475E-2
6.601,0.114,-2.207E-2
6.617,0.114,-2.031E-2
6.634,0.114,-1.928E-2
6.651,0.114,-1.916E-2
6.667,0.114,-1.987E-2
6.684,0.115,-2.129E-2
6.701,0.115,-2.381E-2
6.717,0.115,-2.722E-2
6.734,0.115,-3.130E-2
6.751,0.115,-3.609E-2
6.767,0.114,-4.105E-2
6.784,0.114,-4.617E-2
6.801,0.114,-5.113E-2
6.817,0.113,-5.574E-2
6.834,0.113,-5.958E-2
6.851,0.112,-6.281E-2
6.867,0.112,-6.494E-2
6.884,0.111,-6.574E-2
6.901,0.110,-6.575E-2
6.917,0.110,-6.429E-2
6.934,0.109,-6.166E-2
6.951,0.109,-5.829E-2
6.967,0.109,-5.415E-2
6.984,0.108,-4.949E-2
7.001,0.108,-4.461E-2
7.017,0.109,-3.960E-2
7.034,0.109,-3.458E-2
7.051,0.109,-3.024E-2
7.067,0.109,-2.614E-2
7.084,0.109,-2.280E-2
7.101,0.109,-2.031E-2
7.117,0.110,-1.874E-2
7.134,0.110,-1.789E-2
7.151,0.111,-1.811E-2
7.167,0.111,-1.895E-2
7.184,0.112,-2.084E-2
7.201,0.112,-2.378E-2
7.217,0.112,-2.756E-2
7.234,0.113,-3.180E-2
7.251,0.113,-3.673E-2
7.267,0.114,-4.180E-2
7.284,0.114,-4.687E-2
7.301,0.114,-5.180E-2
7.317,0.114,-5.619E-2
7.334,0.115,-5.996E-2
7.351,0.115,-6.270E-2
7.367,0.115,-6.460E-2
7.384,0.115,-6.539E-2
7.401,0.114,-6.480E-2
7.417,0.114,-6.323E-2
7.434,0.114,-6.037E-2
7.451,0.114,-5.682E-2
7.467,0.113,-5.259E-2
7.484,0.113,-4.808E-2
7.501,0.112,-4.330E-2
7.517,0.112,-3.830E-2
7.534,0.112,-3.349E-2
7.551,0.111,-2.919E-2
7.567,0.111,-2.544E-2
7.584,0.110,-2.250E-2
7.601,0.110,-2.032E-2
7.618,0.110,-1.893E-2
7.634,0.109,-1.866E-2
7.651,0.109,-1.912E-2
7.668,0.109,-2.066E-2
7.684,0.109,-2.262E-2
7.701,0.109,-2.588E-2
7.718,0.109,-2.953E-2
7.734,0.109,-3.410E-2
7.751,0.109,-3.898E-2
7.768,0.109,-4.394E-2
7.784,0.109,-4.877E-2
7.801,0.109,-5.344E-2
7.818,0.109,-5.736E-2
7.834,0.110,-6.068E-2
7.851,0.110,-6.313E-2
7.868,0.111,-6.466E-2
7.884,0.111,-6.501E-2
7.901,0.111,-6.412E-2
7.918,0.112,-6.237E-2
7.934,0.112,-5.922E-2
7.951,0.113,-5.514E-2
7.968,0.114,-5.082E-2
7.984,0.114,-4.604E-2
8.001,0.114,-4.198E-2
8.018,0.114,-3.733E-2
8.034,0.114,-3.316E-2
8.051,0.115,-2.846E-2
8.068,0.115,-2.514E-2
8.084,0.115,-2.249E-2
8.101,0.114,-2.061E-2
8.118,0.114,-1.976E-2
8.134,0.114,-1.997E-2
8.151,0.114,-2.084E-2
8.168,0.113,-2.259E-2
8.184,0.113,-2.534E-2
8.201,0.113,-2.885E-2
8.218,0.112,-3.299E-2
8.234,0.112,-3.743E-2
8.251,0.111,-4.237E-2
8.268,0.111,-4.713E-2
8.284,0.110,-5.162E-2
8.301,0.110,-5.582E-2
8.318,0.109,-5.919E-2
8.334,0.109,-6.192E-2
8.351,0.109,-6.368E-2
8.368,0.108,-6.433E-2
8.384,0.109,-6.377E-2
8.401,0.108,-6.209E-2
8.418,0.108,-5.974E-2
8.434,0.108,-5.630E-2
8.451,0.109,-5.226E-2
8.468,0.109,-4.780E-2
8.484,0.110,-4.312E-2
8.501,0.110,-3.839E-2
8.518,0.111,-3.381E-2
8.534,0.111,-2.991E-2
8.551,0.111,-2.640E-2
8.568,0.112,-2.358E-2
8.584,0.112,-2.143E-2
8.601,0.112,-2.037E-2
8.618,0.113,-1.991E-2
8.634,0.113,-2.025E-2
8.651,0.114,-2.141E-2
8.668,0.114,-2.352E-2
8.684,0.115,-2.648E-2
8.701,0.115,-3.037E-2
8.718,0.115,-3.478E-2
8.734,0.115,-3.955E-2
8.751,0.115,-4.437E-2
8.768,0.115,-4.932E-2
8.784,0.115,-5.377E-2
8.801,0.114,-5.777E-2
8.818,0.114,-6.115E-2
8.834,0.114,-6.368E-2
8.851,0.113,-6.498E-2
8.868,0.113,-6.496E-2
8.884,0.112,-6.401E-2
8.901,0.111,-6.178E-2
8.918,0.111,-5.901E-2
8.934,0.110,-5.518E-2
8.951,0.110,-5.102E-2
8.968,0.109,-4.638E-2
8.984,0.109,-4.162E-2
9.001,0.107,-3.798E-2
9.018,0.107,-3.348E-2
9.034,0.107,-2.928E-2
9.051,0.107,-2.557E-2
9.068,0.108,-2.286E-2
9.084,0.108,-2.108E-2
9.101,0.107,-2.033E-2
9.118,0.108,-2.008E-2
9.134,0.108,-2.102E-2
9.151,0.108,-2.264E-2
9.168,0.108,-2.544E-2
9.184,0.108,-2.862E-2
9.201,0.108,-3.293E-2
9.218,0.108,-3.760E-2
9.234,0.109,-4.222E-2
9.251,0.109,-4.702E-2
9.268,0.110,-5.164E-2
9.284,0.111,-5.550E-2
9.301,0.111,-5.911E-2
9.318,0.112,-6.197E-2
9.334,0.113,-6.334E-2
9.351,0.113,-6.480E-2
9.368,0.114,-6.490E-2
9.384,0.114,-6.368E-2
9.401,0.114,-6.127E-2
9.418,0.114,-5.785E-2
9.434,0.114,-5.406E-2
9.451,0.114,-4.958E-2
9.468,0.114,-4.495E-2
9.484,0.114,-4.029E-2
9.501,0.113,-3.561E-2
9.518,0.113,-3.143E-2
9.534,0.113,-2.757E-2
9.551,0.112,-2.461E-2
9.568,0.112,-2.227E-2
9.584,0.111,-2.068E-2
9.601,0.111,-2.019E-2
9.618,0.111,-2.040E-2
9.634,0.110,-2.134E-2
9.651,0.110,-2.309E-2
9.668,0.110,-2.594E-2
9.684,0.109,-2.936E-2
9.701,0.109,-3.345E-2
9.718,0.109,-3.757E-2
9.734,0.109,-4.235E-2
9.751,0.108,-4.710E-2
9.768,0.108,-5.143E-2
9.784,0.108,-5.529E-2
9.801,0.108,-5.874E-2
9.818,0.109,-6.116E-2
9.834,0.109,-6.285E-2
9.851,0.109,-6.360E-2
9.868,0.110,-6.300E-2
9.884,0.110,-6.129E-2
9.901,0.111,-5.877E-2
9.918,0.111,-5.544E-2
9.934,0.112,-5.133E-2
9.951,0.112,-4.706E-2
9.968,0.113,-4.238E-2
9.984,0.113,-3.794E-2
10.001,0.114,-3.390E-2
10.018,0.114,-2.995E-2
10.034,0.114,-2.671E-2
10.051,0.115,-2.406E-2
10.068,0.115,-2.214E-2
10.084,0.115,-2.099E-2
10.101,0.115,-2.084E-2
10.118,0.115,-2.157E-2
10.134,0.115,-2.298E-2
10.151,0.115,-2.534E-2
10.168,0.115,-2.850E-2
10.184,0.114,-3.232E-2
10.201,0.114,-3.658E-2
10.218,0.113,-4.109E-2
10.234,0.113,-4.564E-2
10.251,0.112,-5.013E-2
10.268,0.112,-5.422E-2
10.284,0.111,-5.790E-2
10.301,0.111,-6.072E-2
10.318,0.110,-6.258E-2
10.334,0.110,-6.361E-2
10.351,0.109,-6.338E-2
10.368,0.109,-6.191E-2
10.384,0.109,-5.982E-2
10.401,0.108,-5.662E-2
10.418,0.108,-5.297E-2
10.434,0.108,-4.886E-2
10.451,0.108,-4.441E-2
10.468,0.109,-3.991E-2
10.484,0.109,-3.553E-2
10.501,0.109,-3.149E-2
10.518,0.109,-2.782E-2
10.534,0.110,-2.496E-2
10.551,0.110,-2.285E-2
10.568,0.110,-2.153E-2
10.584,0.110,-2.104E-2
10.601,0.111,-2.100E-2
10.618,0.112,-2.196E-2
10.635,0.112,-2.381E-2
10.651,0.112,-2.657E-2
10.668,0.112,-3.018E-2
10.685,0.112,-3.439E-2
10.701,0.113,-3.901E-2
10.718,0.113,-4.352E-2
10.735,0.114,-4.795E-2
10.751,0.114,-5.230E-2
10.768,0.114,-5.583E-2
10.785,0.115,-5.920E-2
10.801,0.115,-6.201E-2
10.818,0.114,-6.368E-2
10.835,0.114,-6.440E-2
10.851,0.114,-6.383E-2
10.868,0.113,-6.207E-2
10.885,0.113,-5.947E-2
10.901,0.112,-5.617E-2
10.918,0.112,-5.219E-2
10.935,0.111,-4.791E-2
10.951,0.111,-4.328E-2
10.968,0.111,-3.877E-2
10.985,0.110,-3.411E-2
11.001,0.110,-3.014E-2
11.018,0.110,-2.655E-2
11.035,0.109,-2.365E-2
11.051,0.109,-2.150E-2
11.068,0.109,-2.035E-2
11.085,0.109,-1.999E-2
11.101,0.109,-2.033E-2
11.118,0.109,-2.167E-2
11.135,0.109,-2.366E-2
11.151,0.109,-2.632E-2
11.168,0.109,-2.997E-2
11.185,0.109,-3.386E-2
11.201,0.109,-3.833E-2
11.218,0.110,-4.290E-2
11.235,0.110,-4.748E-2
11.251,0.110,-5.179E-2
11.268,0.111,-5.567E-2
11.285,0.111,-5.862E-2
11.301,0.112,-6.098E-2
11.318,0.113,-6.247E-2
11.335,0.113,-6.280E-2
11.351,0.113,-6.198E-2
11.368,0.114,-6.044E-2
11.385,0.114,-5.764E-2
11.401,0.114,-5.429E-2
11.418,0.114,-5.031E-2
11.435,0.115,-4.612E-2
11.451,0.115,-4.194E-2
11.468,0.115,-3.749E-2
11.485,0.114,-3.338E-2
11.501,0.114,-2.963E-2
11.518,0.114,-2.651E-2
11.535,0.114,-2.398E-2
11.551,0.113,-2.230E-2
11.568,0.113,-2.141E-2
11.585,0.113,-2.151E-2
11.601,0.112,-2.237E-2
11.618,0.112,-2.374E-2
11.635,0.111,-2.611E-2
11.651,0.111,-2.911E-2
11.668,0.111,-3.274E-2
11.685,0.110,-3.686E-2
11.701,0.110,-4.122E-2
11.718,0.109,-4.559E-2
11.735,0.109,-4.976E-2
11.751,0.109,-5.366E-2
11.768,0.108,-5.700E-2
11.785,0.108,-5.956E-2
11.801,0.108,-6.142E-2
11.818,0.108,-6.268E-2
11.835,0.108,-6.230E-2
11.851,0.108,-6.104E-2
11.868,0.108,-5.885E-2
11.885,0.109,-5.582E-2
11.901,0.109,-5.228E-2
11.918,0.110,-4.807E-2
11.935,0.111,-4.372E-2
11.951,0.111,-3.953E-2
11.968,0.112,-3.522E-2
11.985,0.112,-3.141E-2
12.001,0.113,-2.801E-2
12.018,0.114,-2.520E-2
12.035,0.114,-2.335E-2
12.051,0.114,-2.190E-2
12.068,0.115,-2.152E-2
12.085,0.115,-2.198E-2
12.101,0.115,-2.316E-2
12.118,0.115,-2.514E-2
12.135,0.115,-2.797E-2
12.151,0.115,-3.148E-2
12.168,0.115,-3.543E-2
12.185,0.115,-3.988E-2
12.201,0.115,-4.426E-2
12.218,0.114,-4.843E-2
12.235,0.114,-5.253E-2
12.251,0.113,-5.601E-2
12.268,0.113,-5.902E-2
12.285,0.112,-6.128E-2
12.301,0.112,-6.233E-2
12.318,0.111,-6.250E-2
12.335,0.111,-6.150E-2
12.351,0.110,-5.979E-2
12.368,0.109,-5.705E-2
12.385,0.109,-5.367E-2
12.401,0.109,-4.981E-2
12.418,0.109,-4.565E-2
12.435,0.108,-4.123E-2
12.451,0.108,-3.700E-2
12.468,0.109,-3.298E-2
12.485,0.109,-2.946E-2
12.501,0.109,-2.650E-2
12.518,0.109,-2.410E-2
12.535,0.109,-2.243E-2
12.551,0.109,-2.173E-2
12.568,0.109,-2.167E-2
12.585,0.110,-2.210E-2
12.601,0.110,-2.356E-2
12.618,0.111,-2.588E-2
12.635,0.111,-2.865E-2
12.651,0.112,-3.231E-2
12.668,0.112,-3.642E-2
12.685,0.113,-4.074E-2
12.701,0.113,-4.525E-2
12.718,0.114,-4.959E-2
12.735,0.114,-5.357E-2
12.751,0.114,-5.714E-2
12.768,0.115,-5.992E-2
12.785,0.115,-6.185E-2
12.801,0.115,-6.283E-2
12.818,0.115,-6.287E-2
12.835,0.114,-6.179E-2
12.851,0.114,-5.972E-2
12.868,0.114,-5.673E-2
12.885,0.114,-5.311E-2
12.901,0.113,-4.916E-2
12.918,0.113,-4.488E-2
12.935,0.112,-4.050E-2
12.951,0.112,-3.626E-2
12.968,0.112,-3.217E-2
12.985,0.111,-2.864E-2
13.001,0.111,-2.575E-2
13.018,0.110,-2.366E-2
13.035,0.110,-2.221E-2
13.051,0.110,-2.145E-2
13.068,0.109,-2.177E-2
13.085,0.109,-2.266E-2
13.101,0.109,-2.425E-2
13.118,0.109,-2.680E-2
13.135,0.108,-2.973E-2
13.151,0.108,-3.332E-2
13.168,0.109,-3.753E-2
13.185,0.109,-4.181E-2
13.201,0.109,-4.609E-2
13.218,0.109,-5.016E-2
13.235,0.109,-5.392E-2
13.251,0.109,-5.708E-2
13.268,0.110,-5.941E-2
13.285,0.110,-6.111E-2
13.301,0.111,-6.194E-2
13.318,0.111,-6.168E-2
13.335,0.112,-6.026E-2
13.351,0.113,-5.785E-2
13.368,0.113,-5.484E-2
13.385,0.113,-5.148E-2
13.401,0.114,-4.760E-2
13.418,0.114,-4.333E-2
13.435,0.115,-3.923E-2
13.451,0.115,-3.515E-2
13.468,0.115,-3.147E-2
13.485,0.115,-2.834E-2
13.501,0.115,-2.576E-2
13.518,0.115,-2.408E-2
13.535,0.115,-2.302E-2
13.551,0.114,-2.278E-2
13.568,0.114,-2.328E-2
13.585,0.114,-2.450E-2
13.601,0.113,-2.665E-2
13.618,0.113,-2.945E-2
13.635,0.112,-3.275E-2
13.651,0.112,-3.644E-2
13.668,0.111,-4.055E-2
13.685,0.111,-4.454E-2
13.702,0.111,-4.854E-2
13.718,0.110,-5.244E-2
13.735,0.109,-5.570E-2
13.752,0.109,-5.843E-2
13.768,0.109,-6.028E-2
13.785,0.109,-6.125E-2
13.802,0.108,-6.123E-2
13.818,0.108,-6.012E-2
13.835,0.108,-5.822E-2
13.852,0.108,-5.558E-2
13.868,0.109,-5.229E-2
13.885,0.109,-4.862E-2
13.902,0.109,-4.454E-2
13.918,0.110,-4.049E-2
13.935,0.110,-3.638E-2
13.952,0.111,-3.265E-2
13.968,0.111,-2.934E-2
13.985,0.112,-2.656E-2
14.002,0.112,-2.444E-2
14.018,0.113,-2.310E-2
14.035,0.113,-2.244E-2
14.052,0.114,-2.235E-2
14.068,0.114,-2.339E-2
14.085,0.114,-2.516E-2
14.102,0.115,-2.740E-2
14.118,0.115,-3.062E-2
14.135,0.115,-3.444E-2
14.152,0.115,-3.841E-2
14.168,0.115,-4.267E-2
14.185,0.115,-4.682E-2
14.202,0.115,-5.095E-2
14.218,0.115,-5.460E-2
14.235,0.115,-5.758E-2
14.252,0.114,-5.995E-2
14.268,0.114,-6.132E-2
14.285,0.113,-6.194E-2
14.302,0.112,-6.124E-2
14.318,0.112,-5.959E-2
14.335,0.111,-5.728E-2
14.352,0.111,-5.435E-2
14.368,0.110,-5.077E-2
14.385,0.110,-4.698E-2
14.402,0.109,-4.284E-2
14.418,0.109,-3.868E-2
14.435,0.109,-3.480E-2
14.452,0.109,-3.119E-2
14.468,0.108,-2.842E-2
14.485,0.108,-2.579E-2
14.502,0.108,-2.396E-2
14.518,0.107,-2.329E-2
14.535,0.107,-2.304E-2
14.552,0.108,-2.332E-2
14.568,0.108,-2.451E-2
14.585,0.108,-2.625E-2
14.602,0.109,-2.912E-2
14.618,0.109,-3.241E-2
14.635,0.109,-3.615E-2
14.652,0.109,-4.062E-2
14.668,0.110,-4.495E-2
14.685,0.110,-4.884E-2
14.702,0.111,-5.232E-2
14.718,0.112,-5.550E-2
14.735,0.113,-5.851E-2
14.752,0.113,-6.042E-2
14.768,0.114,-6.200E-2
14.785,0.114,-6.207E-2
14.802,0.114,-6.135E-2
14.818,0.115,-5.972E-2
14.835,0.115,-5.714E-2
14.852,0.114,-5.393E-2
14.868,0.114,-5.032E-2
14.885,0.114,-4.626E-2
14.902,0.114,-4.217E-2
14.918,0.114,-3.812E-2
14.935,0.113,-3.414E-2
14.952,0.113,-3.065E-2
14.968,0.112,-2.765E-2
14.985,0.112,-2.544E-2
15.002,0.112,-2.389E-2
15.018,0.111,-2.310E-2
15.035,0.111,-2.301E-2
15.052,0.110,-2.383E-2
15.068,0.110,-2.531E-2
15.085,0.109,-2.732E-2
15.102,0.109,-2.982E-2
15.118,0.109,-3.332E-2
15.135,0.109,-3.695E-2
15.152,0.108,-4.085E-2
15.168,0.108,-4.473E-2
15.185,0.108,-4.863E-2
15.202,0.108,-5.234E-2
15.218,0.108,-5.533E-2
15.235,0.108,-5.783E-2
15.252,0.109,-5.965E-2
15.268,0.109,-6.049E-2
15.285,0.110,-6.061E-2
15.302,0.110,-5.962E-2
15.318,0.111,-5.752E-2
15.335,0.111,-5.479E-2
15.352,0.112,-5.163E-2
15.368,0.112,-4.792E-2
15.385,0.113,-4.417E-2
15.402,0.113,-4.034E-2
15.418,0.114,-3.641E-2
15.435,0.114,-3.278E-2
15.452,0.115,-2.976E-2
15.468,0.115,-2.722E-2
15.485,0.115,-2.520E-2
15.502,0.115,-2.418E-2
15.518,0.115,-2.375E-2
15.535,0.115,-2.399E-2
15.552,0.115,-2.496E-2
15.568,0.115,-2.682E-2
15.585,0.114,-2.928E-2
15.602,0.114,-3.231E-2
15.618,0.114,-3.582E-2
15.635,0.113,-3.962E-2
15.652,0.113,-4.355E-2
15.668,0.112,-4.746E-2
15.685,0.112,-5.107E-2
15.702,0.111,-5.429E-2
15.718,0.111,-5.693E-2
15.735,0.110,-5.920E-2
15.752,0.110,-5.999E-2
15.768,0.109,-6.028E-2
15.785,0.109,-5.967E-2
15.802,0.109,-5.798E-2
15.818,0.108,-5.564E-2
15.835,0.108,-5.277E-2
15.852,0.108,-4.935E-2
15.868,0.108,-4.552E-2
15.885,0.108,-4.174E-2
15.902,0.109,-3.780E-2
15.918,0.109,-3.423E-2
15.935,0.109,-3.108E-2
15.952,0.110,-2.842E-2
15.968,0.110,-2.603E-2
15.985,0.111,-2.451E-2
16.002,0.111,-2.363E-2
16.018,0.111,-2.348E-2
16.035,0.112,-2.401E-2
16.052,0.113,-2.543E-2
16.068,0.113,-2.747E-2
16.085,0.114,-3.020E-2
16.102,0.114,-3.345E-2
16.118,0.114,-3.723E-2
16.135,0.115,-4.133E-2
16.152,0.115,-4.540E-2
16.168,0.115,-4.931E-2
16.185,0.115,-5.298E-2
16.202,0.115,-5.602E-2
16.218,0.115,-5.850E-2
16.235,0.115,-6.017E-2
16.252,0.115,-6.087E-2
16.268,0.114,-6.068E-2
16.285,0.114,-5.956E-2
16.302,0.113,-5.757E-2
16.318,0.113,-5.481E-2
16.335,0.112,-5.161E-2
16.352,0.111,-4.786E-2
16.368,0.111,-4.405E-2
16.385,0.111,-4.005E-2
16.402,0.110,-3.623E-2
16.418,0.110,-3.252E-2
16.435,0.109,-2.945E-2
16.452,0.109,-2.681E-2
16.468,0.109,-2.465E-2
16.485,0.109,-2.349E-2
16.502,0.109,-2.309E-2
16.518,0.109,-2.311E-2
16.535,0.108,-2.394E-2
16.552,0.109,-2.564E-2
16.568,0.109,-2.795E-2
16.585,0.109,-3.071E-2
16.602,0.109,-3.411E-2
16.618,0.109,-3.787E-2
16.635,0.110,-4.192E-2
16.652,0.110,-4.564E-2
16.668,0.110,-4.948E-2
16.685,0.111,-5.294E-2
16.702,0.111,-5.600E-2
16.719,0.112,-5.833E-2
16.735,0.112,-5.978E-2
16.752,0.113,-6.046E-2
16.769,0.113,-6.018E-2
16.785,0.114,-5.880E-2
16.802,0.114,-5.679E-2
16.819,0.114,-5.418E-2
16.835,0.114,-5.089E-2
16.852,0.115,-4.736E-2
16.869,0.114,-4.352E-2
16.885,0.114,-3.964E-2
16.902,0.114,-3.598E-2
16.919,0.114,-3.241E-2
16.935,0.114,-2.944E-2
16.952,0.114,-2.700E-2
16.969,0.113,-2.523E-2
16.985,0.113,-2.425E-2
17.002,0.113,-2.379E-2
17.019,0.112,-2.428E-2
17.035,0.112,-2.551E-2
17.052,0.111,-2.715E-2
17.069,0.111,-2.974E-2
17.085,0.110,-3.273E-2
17.102,0.110,-3.613E-2
17.119,0.109,-3.985E-2
17.135,0.109,-4.347E-2
17.152,0.109,-4.716E-2
17.169,0.108,-5.080E-2
17.185,0.108,-5.392E-2
17.202,0.108,-5.634E-2
17.219,0.108,-5.845E-2
17.235,0.108,-5.981E-2
17.252,0.108,-5.998E-2
17.269,0.108,-5.933E-2
17.285,0.109,-5.738E-2
17.302,0.109,-5.500E-2
17.319,0.110,-5.211E-2
17.335,0.111,-4.859E-2
17.352,0.111,-4.521E-2
17.369,0.112,-4.134E-2
17.385,0.112,-3.764E-2
17.402,0.113,-3.428E-2
17.419,0.113,-3.131E-2
17.435,0.114,-2.850E-2
17.452,0.114,-2.652E-2
17.469,0.115,-2.531E-2
17.485,0.115,-2.472E-2
17.502,0.115,-2.466E-2
17.519,0.115,-2.572E-2
17.535,0.115,-2.708E-2
17.552,0.115,-2.930E-2
17.569,0.115,-3.205E-2
17.585,0.115,-3.528E-2
17.602,0.115,-3.886E-2
17.619,0.114,-4.252E-2
17.635,0.114,-4.639E-2
17.652,0.114,-4.975E-2
17.669,0.113,-5.290E-2
17.685,0.113,-5.551E-2
17.702,0.112,-5.765E-2
17.719,0.111,-5.911E-2
17.735,0.111,-5.961E-2
17.752,0.111,-5.888E-2
17.769,0.110,-5.781E-2
17.785,0.109,-5.567E-2
17.802,0.109,-5.318E-2
17.819,0.109,-4.970E-2
17.835,0.109,-4.628E-2
17.852,0.108,-4.275E-2
17.869,0.108,-3.908E-2
17.885,0.109,-3.545E-2
17.902,0.109,-3.231E-2
17.919,0.109,-2.957E-2
17.935,0.109,-2.738E-2
17.952,0.109,-2.582E-2
17.969,0.109,-2.492E-2
17.985,0.110,-2.453E-2
18.002,0.110,-2.490E-2
18.019,0.111,-2.585E-2
18.035,0.111,-2.745E-2
18.052,0.112,-2.992E-2
18.069,0.112,-3.303E-2
18.085,0.113,-3.647E-2
18.102,0.113,-4.020E-2
18.119,0.113,-4.414E-2
18.135,0.114,-4.784E-2
18.152,0.114,-5.147E-2
18.169,0.114,-5.457E-2
18.185,0.115,-5.714E-2
18.202,0.115,-5.908E-2
18.219,0.115,-6.010E-2
18.235,0.115,-6.018E-2
18.252,0.114,-5.952E-2
18.269,0.114,-5.787E-2
18.285,0.114,-5.555E-2
18.302,0.113,-5.260E-2
18.319,0.113,-4.919E-2
18.335,0.112,-4.562E-2
18.352,0.112,-4.185E-2
18.369,0.112,-3.793E-2
18.385,0.111,-3.430E-2
18.402,0.111,-3.134E-2
18.419,0.110,-2.862E-2
18.435,0.110,-2.666E-2
18.452,0.109,-2.565E-2
18.469,0.108,-2.519E-2
18.485,0.108,-2.508E-2
18.502,0.108,-2.556E-2
18.519,0.108,-2.700E-2
18.535,0.108,-2.887E-2
18.552,0.108,-3.138E-2
18.569,0.108,-3.418E-2
18.585,0.108,-3.762E-2
18.602,0.108,-4.119E-2
18.619,0.109,-4.486E-2
18.635,0.109,-4.844E-2
18.652,0.109,-5.158E-2
18.669,0.110,-5.461E-2
18.685,0.110,-5.696E-2
18.702,0.110,-5.892E-2
18.719,0.111,-5.985E-2
18.735,0.111,-5.964E-2
18.752,0.112,-5.882E-2
18.769,0.112,-5.706E-2
18.785,0.113,-5.473E-2
18.802,0.113,-5.176E-2
18.819,0.114,-4.825E-2
18.835,0.114,-4.479E-2
18.852,0.114,-4.115E-2
18.869,0.114,-3.752E-2
18.885,0.115,-3.430E-2
18.902,0.115,-3.142E-2
18.919,0.114,-2.878E-2
18.935,0.114,-2.697E-2
18.952,0.114,-2.574E-2
18.969,0.113,-2.586E-2
18.985,0.113,-2.601E-2
19.002,0.113,-2.704E-2
19.019,0.112,-2.867E-2
19.035,0.112,-3.068E-2
19.052,0.112,-3.320E-2
19.069,0.111,-3.633E-2
19.085,0.111,-3.990E-2
19.102,0.110,-4.337E-2
19.119,0.110,-4.684E-2
19.135,0.109,-5.017E-2
19.152,0.109,-5.335E-2
19.169,0.109,-5.569E-2
19.185,0.108,-5.751E-2
19.202,0.108,-5.893E-2
19.219,0.108,-5.899E-2
19.235,0.108,-5.838E-2
19.252,0.108,-5.689E-2
19.269,0.109,-5.482E-2
19.285,0.109,-5.222E-2
19.302,0.109,-4.908E-2
19.319,0.110,-4.575E-2
19.335,0.110,-4.225E-2
19.352,0.111,-3.874E-2
19.369,0.111,-3.554E-2
19.385,0.112,-3.234E-2
19.402,0.112,-2.984E-2
19.419,0.113,-2.781E-2
19.435,0.113,-2.639E-2
19.452,0.114,-2.555E-2
19.469,0.114,-2.548E-2
19.485,0.114,-2.610E-2
19.502,0.115,-2.743E-2
19.519,0.115,-2.933E-2
19.535,0.115,-3.180E-2
19.552,0.115,-3.484E-2
19.569,0.115,-3.818E-2
19.585,0.115,-4.172E-2
19.602,0.115,-4.530E-2
19.619,0.115,-4.868E-2
19.635,0.115,-5.167E-2
19.652,0.114,-5.454E-2
19.669,0.114,-5.643E-2
19.685,0.113,-5.802E-2
19.702,0.113,-5.879E-2
19.719,0.112,-5.846E-2
19.735,0.112,-5.731E-2
19.752,0.111,-5.566E-2
19.769,0.110,-5.323E-2
19.786,0.110,-5.029E-2
19.802,0.109,-4.705E-2
19.819,0.109,-4.357E-2
19.836,0.109,-4.006E-2
19.852,0.109,-3.667E-2
19.869,0.108,-3.355E-2
19.886,0.108,-3.112E-2
19.902,0.108,-2.904E-2
19.919,0.108,-2.737E-2
19.936,0.108,-2.635E-2
19.952,0.108,-2.586E-2
19.969,0.108,-2.583E-2
19.986,0.108,-2.683E-2
20.002,0.109,-2.807E-2
20.019,0.109,-3.056E-2
20.036,0.109,-3.322E-2
20.052,0.110,-3.662E-2
20.069,0.110,-4.028E-2
20.086,0.110,-4.390E-2
20.102,0.111,-4.745E-2
20.119,0.112,-5.089E-2
20.136,0.113,-5.336E-2
20.152,0.113,-5.611E-2
20.169,0.113,-5.807E-2
20.186,0.114,-5.939E-2
20.202,0.114,-5.952E-2
20.219,0.114,-5.947E-2
20.236,0.114,-5.821E-2
20.252,0.114,-5.619E-2
20.269,0.114,-5.352E-2
20.286,0.114,-5.025E-2
20.302,0.113,-4.699E-2
20.319,0.113,-4.325E-2
20.336,0.113,-3.954E-2
20.352,0.113,-3.614E-2
20.369,0.112,-3.289E-2
20.386,0.112,-3.024E-2
20.402,0.111,-2.808E-2
20.419,0.111,-2.675E-2
20.436,0.110,-2.586E-2
20.452,0.110,-2.571E-2
20.469,0.109,-2.628E-2
20.486,0.109,-2.723E-2
20.502,0.109,-2.878E-2
20.519,0.109,-3.105E-2
20.536,0.109,-3.375E-2
20.552,0.108,-3.677E-2
20.569,0.108,-4.007E-2
20.586,0.108,-4.367E-2
20.602,0.108,-4.718E-2
20.619,0.108,-5.016E-2
20.636,0.109,-5.300E-2
20.652,0.109,-5.534E-2
20.669,0.109,-5.695E-2
20.686,0.110,-5.798E-2
20.702,0.110,-5.816E-2
20.719,0.111,-5.761E-2
20.736,0.111,-5.621E-2
20.752,0.112,-5.421E-2
20.769,0.112,-5.158E-2
20.786,0.113,-4.858E-2
20.802,0.113,-4.530E-2
20.819,0.114,-4.193E-2
20.836,0.114,-3.868E-2
20.852,0.114,-3.549E-2
20.869,0.115,-3.260E-2
20.886,0.115,-3.013E-2
20.902,0.115,-2.834E-2
20.919,0.115,-2.692E-2
20.936,0.115,-2.649E-2
20.952,0.115,-2.648E-2
20.969,0.115,-2.724E-2
20.986,0.114,-2.853E-2
21.002,0.114,-3.048E-2
21.019,0.114,-3.295E-2
21.036,0.113,-3.563E-2
21.052,0.113,-3.891E-2
21.069,0.113,-4.226E-2
21.086,0.112,-4.550E-2
21.102,0.112,-4.864E-2
21.119,0.111,-5.167E-2
21.136,0.111,-5.390E-2
21.152,0.110,-5.587E-2
21.169,0.109,-5.735E-2
21.186,0.109,-5.768E-2
21.202,0.109,-5.727E-2
21.219,0.109,-5.622E-2
21.236,0.109,-5.438E-2
21.252,0.109,-5.202E-2
21.269,0.109,-4.932E-2
21.286,0.109,-4.615E-2
21.302,0.109,-4.292E-2
21.319,0.110,-3.967E-2
21.336,0.110,-3.636E-2
21.352,0.110,-3.339E-2
21.369,0.111,-3.097E-2
21.386,0.111,-2.898E-2
21.402,0.112,-2.753E-2
21.419,0.112,-2.659E-2
21.436,0.112,-2.634E-2
21.452,0.113,-2.667E-2
21.469,0.113,-2.786E-2
21.486,0.114,-2.951E-2
21.502,0.114,-3.177E-2
21.519,0.114,-3.453E-2
21.536,0.114,-3.756E-2
21.552,0.115,-4.100E-2
21.569,0.115,-4.438E-2
21.586,0.115,-4.772E-2
21.602,0.115,-5.072E-2
21.619,0.115,-5.337E-2
21.636,0.114,-5.546E-2
21.652,0.114,-5.703E-2
21.669,0.114,-5.775E-2
21.686,0.114,-5.777E-2
21.702,0.113,-5.693E-2
21.719,0.113,-5.556E-2
21.736,0.112,-5.335E-2
21.752,0.112,-5.068E-2
21.769,0.111,-4.757E-2
21.786,0.110,-4.435E-2
21.802,0.110,-4.117E-2
21.819,0.110,-3.795E-2
21.836,0.109,-3.477E-2
21.852,0.109,-3.220E-2
21.869,0.109,-3.002E-2
21.886,0.108,-2.821E-2
21.902,0.108,-2.729E-2
21.919,0.108,-2.677E-2
21.936,0.108,-2.677E-2
21.952,0.108,-2.717E-2
21.969,0.108,-2.830E-2
21.986,0.108,-3.018E-2
22.002,0.109,-3.233E-2
22.019,0.109,-3.520E-2
22.036,0.110,-3.832E-2
22.052,0.110,-4.179E-2
22.069,0.110,-4.510E-2
22.086,0.111,-4.842E-2
22.102,0.111,-5.146E-2
22.119,0.112,-5.412E-2
22.136,0.112,-5.621E-2
22.152,0.113,-5.763E-2
22.169,0.113,-5.834E-2
22.186,0.113,-5.814E-2
22.202,0.114,-5.724E-2
22.219,0.114,-5.562E-2
22.236,0.114,-5.357E-2
22.252,0.114,-5.055E-2
22.269,0.114,-4.751E-2
22.286,0.114,-4.407E-2
22.302,0.114,-4.077E-2
22.319,0.114,-3.742E-2
22.336,0.113,-3.443E-2
22.352,0.113,-3.170E-2
22.369,0.113,-2.945E-2
22.386,0.112,-2.792E-2
22.402,0.112,-2.700E-2
22.419,0.111,-2.690E-2
22.436,0.111,-2.725E-2
22.452,0.111,-2.796E-2
22.469,0.110,-2.946E-2
22.486,0.110,-3.116E-2
22.502,0.110,-3.369E-2
22.519,0.109,-3.668E-2
22.536,0.109,-3.971E-2
22.552,0.109,-4.290E-2
22.569,0.109,-4.587E-2
22.586,0.109,-4.908E-2
22.602,0.108,-5.173E-2
22.619,0.109,-5.410E-2
22.636,0.109,-5.597E-2
22.652,0.109,-5.687E-2
22.669,0.109,-5.724E-2
22.686,0.110,-5.694E-2
22.702,0.110,-5.571E-2
22.719,0.110,-5.393E-2
22.736,0.111,-5.161E-2
22.752,0.111,-4.888E-2
22.769,0.112,-4.593E-2
22.786,0.112,-4.250E-2
22.803,0.113,-3.946E-2
22.819,0.113,-3.632E-2
22.836,0.114,-3.361E-2
22.853,0.114,-3.128E-2
22.869,0.114,-2.941E-2
22.886,0.115,-2.820E-2
22.903,0.115,-2.738E-2
22.919,0.115,-2.743E-2
22.936,0.115,-2.780E-2
22.953,0.115,-2.909E-2
22.969,0.115,-3.072E-2
22.986,0.115,-3.296E-2
23.003,0.114,-3.572E-2
23.019,0.114,-3.850E-2
23.036,0.114,-4.175E-2
23.053,0.113,-4.479E-2
23.069,0.113,-4.779E-2
23.086,0.112,-5.092E-2
23.103,0.112,-5.323E-2
23.119,0.111,-5.550E-2
23.136,0.110,-5.691E-2
23.153,0.110,-5.726E-2
23.169,0.109,-5.732E-2
23.186,0.109,-5.587E-2
23.203,0.109,-5.426E-2
23.219,0.109,-5.205E-2
23.236,0.109,-4.976E-2
23.253,0.109,-4.683E-2
23.269,0.109,-4.376E-2
23.286,0.108,-4.081E-2
23.303,0.109,-3.752E-2
23.319,0.109,-3.476E-2
23.336,0.109,-3.245E-2
23.353,0.110,-3.028E-2
23.369,0.110,-2.877E-2
23.386,0.110,-2.790E-2
23.403,0.110,-2.748E-2
23.419,0.110,-2.795E-2
23.436,0.111,-2.837E-2
23.453,0.112,-2.977E-2
23.469,0.112,-3.196E-2
23.486,0.112,-3.443E-2
23.503,0.113,-3.716E-2
23.519,0.113,-4.047E-2
23.536,0.114,-4.363E-2
23.553,0.114,-4.673E-2
23.569,0.114,-4.957E-2
23.586,0.114,-5.227E-2
23.603,0.114,-5.450E-2
23.619,0.114,-5.606E-2
23.636,0.114,-5.703E-2
23.653,0.114,-5.732E-2
23.669,0.114,-5.671E-2
23.686,0.113,-5.550E-2
23.703,0.113,-5.353E-2
23.719,0.113,-5.112E-2
23.736,0.112,-4.840E-2
23.753,0.112,-4.526E-2
23.769,0.111,-4.229E-2
23.786,0.111,-3.899E-2
23.803,0.111,-3.608E-2
23.819,0.110,-3.338E-2
23.836,0.110,-3.093E-2
23.853,0.109,-2.921E-2
23.869,0.109,-2.812E-2
23.886,0.109,-2.743E-2
23.903,0.108,-2.749E-2
23.919,0.108,-2.798E-2
23.936,0.108,-2.878E-2
23.953,0.109,-3.024E-2
23.969,0.109,-3.234E-2
23.986,0.109,-3.486E-2
24.003,0.109,-3.781E-2
24.019,0.109,-4.081E-2
24.036,0.109,-4.411E-2
24.053,0.110,-4.719E-2
24.069,0.110,-5.000E-2
24.086,0.110,-5.274E-2
24.103,0.111,-5.476E-2
24.119,0.111,-5.631E-2
24.136,0.112,-5.719E-2
24.153,0.112,-5.714E-2
24.169,0.113,-5.646E-2
24.186,0.113,-5.527E-2
24.203,0.113,-5.324E-2
24.219,0.114,-5.080E-2
24.236,0.114,-4.800E-2
24.253,0.114,-4.472E-2
24.269,0.114,-4.172E-2
24.286,0.114,-3.852E-2
24.303,0.114,-3.558E-2
24.319,0.114,-3.295E-2
24.336,0.114,-3.073E-2
24.353,0.113,-2.955E-2
24.369,0.113,-2.835E-2
24.386,0.112,-2.806E-2
24.403,0.112,-2.809E-2
24.419,0.112,-2.908E-2
24.436,0.111,-3.021E-2
24.453,0.111,-3.206E-2
24.469,0.111,-3.426E-2
24.486,0.110,-3.678E-2
24.503,0.110,-3.954E-2
24.519,0.110,-4.287E-2
24.536,0.109,-4.577E-2
24.553,0.109,-4.886E-2
24.569,0.109,-5.138E-2
24.586,0.108,-5.362E-2
24.603,0.108,-5.550E-2
24.619,0.108,-5.610E-2
24.636,0.108,-5.657E-2
24.653,0.109,-5.645E-2
24.669,0.109,-5.546E-2
24.686,0.109,-5.392E-2
24.703,0.109,-5.189E-2
24.719,0.110,-4.935E-2
24.736,0.110,-4.634E-2
24.753,0.111,-4.336E-2
24.769,0.111,-4.038E-2
24.786,0.112,-3.738E-2
24.803,0.112,-3.467E-2
24.819,0.113,-3.230E-2
24.836,0.113,-3.045E-2
24.853,0.114,-2.906E-2
24.869,0.114,-2.835E-2
24.886,0.114,-2.819E-2
24.903,0.114,-2.854E-2
24.919,0.114,-2.947E-2
24.936,0.115,-3.105E-2
24.953,0.115,-3.298E-2
24.969,0.115,-3.551E-2
24.986,0.114,-3.818E-2
25.003,0.114,-4.113E-2
25.019,0.114,-4.421E-2
25.036,0.114,-4.717E-2
25.053,0.113,-4.994E-2
25.069,0.113,-5.237E-2
25.086,0.112,-5.429E-2
25.103,0.112,-5.577E-2
25.119,0.111,-5.639E-2
25.136,0.111,-5.640E-2
25.153,0.110,-5.564E-2
25.169,0.110,-5.438E-2
25.186,0.110,-5.226E-2
25.203,0.109,-4.987E-2
25.219,0.109,-4.704E-2
25.236,0.109,-4.419E-2
25.253,0.109,-4.114E-2
25.269,0.109,-3.832E-2
25.286,0.109,-3.548E-2
25.303,0.109,-3.309E-2
25.319,0.109,-3.113E-2
25.336,0.109,-2.944E-2
25.353,0.109,-2.855E-2
25.369,0.110,-2.790E-2
25.386,0.110,-2.808E-2
25.403,0.110,-2.879E-2
25.419,0.110,-2.989E-2
25.436,0.111,-3.184E-2
25.453,0.111,-3.396E-2
25.469,0.112,-3.665E-2
25.486,0.112,-3.954E-2
25.503,0.112,-4.267E-2
25.519,0.113,-4.559E-2
25.536,0.113,-4.860E-2
25.553,0.113,-5.103E-2
25.569,0.114,-5.325E-2
25.586,0.114,-5.488E-2
25.603,0.114,-5.616E-2
25.619,0.114,-5.648E-2
25.636,0.114,-5.610E-2
25.653,0.114,-5.524E-2
25.669,0.113,-5.367E-2
25.686,0.113,-5.122E-2
25.703,0.113,-4.866E-2
25.719,0.113,-4.585E-2
25.736,0.113,-4.284E-2
25.753,0.112,-3.995E-2
25.769,0.112,-3.687E-2
25.786,0.112,-3.412E-2
25.803,0.111,-3.191E-2
25.819,0.111,-3.006E-2
25.836,0.110,-2.881E-2
25.853,0.110,-2.816E-2
25.870,0.109,-2.808E-2
25.886,0.109,-2.840E-2
25.903,0.109,-2.900E-2
25.920,0.109,-3.033E-2
25.936,0.109,-3.234E-2
25.953,0.109,-3.445E-2
25.970,0.109,-3.708E-2
25.986,0.109,-3.991E-2
26.003,0.109,-4.300E-2
26.020,0.109,-4.592E-2
26.036,0.109,-4.879E-2
26.053,0.109,-5.131E-2
26.070,0.110,-5.337E-2
26.086,0.110,-5.510E-2
26.103,0.111,-5.577E-2
26.120,0.111,-5.595E-2
26.136,0.112,-5.561E-2
26.153,0.112,-5.459E-2
26.170,0.112,-5.282E-2
26.186,0.113,-5.053E-2
26.203,0.113,-4.809E-2
26.220,0.114,-4.530E-2
26.236,0.114,-4.239E-2
26.253,0.114,-3.942E-2
26.270,0.114,-3.654E-2
26.286,0.114,-3.413E-2
26.303,0.114,-3.196E-2
26.320,0.114,-3.033E-2
26.336,0.114,-2.917E-2
26.353,0.114,-2.855E-2
26.370,0.114,-2.862E-2
26.386,0.113,-2.934E-2
26.403,0.113,-3.019E-2
26.420,0.113,-3.176E-2
26.436,0.113,-3.391E-2
26.453,0.112,-3.621E-2
26.470,0.112,-3.898E-2
26.486,0.112,-4.159E-2
26.503,0.111,-4.455E-2
26.520,0.111,-4.731E-2
26.536,0.111,-4.973E-2
26.553,0.110,-5.198E-2
26.570,0.110,-5.383E-2
26.586,0.110,-5.477E-2
26.603,0.109,-5.541E-2
26.620,0.109,-5.552E-2
26.636,0.109,-5.447E-2
26.653,0.109,-5.315E-2
26.670,0.109,-5.142E-2
26.686,0.109,-4.904E-2
26.703,0.110,-4.639E-2
26.720,0.110,-4.367E-2
26.736,0.110,-4.098E-2
26.753,0.111,-3.822E-2
26.770,0.111,-3.564E-2
26.786,0.111,-3.335E-2
26.803,0.112,-3.162E-2
26.820,0.112,-3.028E-2
26.836,0.112,-2.935E-2
26.853,0.113,-2.892E-2
26.870,0.113,-2.924E-2
26.886,0.113,-3.003E-2
26.903,0.114,-3.130E-2
26.920,0.114,-3.309E-2
26.936,0.114,-3.539E-2
26.953,0.114,-3.806E-2
26.970,0.114,-4.076E-2
26.986,0.114,-4.359E-2
27.003,0.114,-4.625E-2
27.020,0.114,-4.896E-2
27.036,0.113,-5.126E-2
27.053,0.113,-5.311E-2
27.070,0.113,-5.448E-2
27.086,0.113,-5.553E-2
27.103,0.112,-5.546E-2
27.120,0.112,-5.488E-2
27.136,0.112,-5.364E-2
27.153,0.111,-5.197E-2
27.170,0.111,-4.984E-2
27.186,0.110,-4.741E-2
27.203,0.110,-4.464E-2
27.220,0.110,-4.202E-2
27.236,0.109,-3.944E-2
27.253,0.109,-3.662E-2
27.270,0.109,-3.433E-2
27.286,0.109,-3.221E-2
27.303,0.109,-3.064E-2
27.320,0.109,-2.973E-2
27.336,0.108,-2.922E-2
27.353,0.109,-2.930E-2
27.370,0.109,-2.948E-2
27.386,0.109,-3.035E-2
27.403,0.110,-3.196E-2
27.420,0.110,-3.408E-2
27.436,0.110,-3.640E-2
27.453,0.111,-3.905E-2
27.470,0.111,-4.197E-2
27.486,0.111,-4.469E-2
27.503,0.112,-4.760E-2
27.520,0.112,-5.008E-2
27.536,0.112,-5.217E-2
27.553,0.113,-5.382E-2
27.570,0.113,-5.515E-2
27.586,0.113,-5.565E-2
27.603,0.113,-5.548E-2
27.620,0.113,-5.478E-2
27.636,0.114,-5.328E-2
27.653,0.114,-5.136E-2
27.670,0.113,-4.894E-2
27.686,0.113,-4.656E-2
27.703,0.113,-4.361E-2
27.720,0.113,-4.082E-2
27.736,0.113,-3.815E-2
27.753,0.113,-3.561E-2
27.770,0.112,-3.332E-2
27.786,0.112,-3.165E-2
27.803,0.111,-3.040E-2
27.820,0.111,-2.956E-2
27.836,0.111,-2.929E-2
27.853,0.110,-2.945E-2
27.870,0.110,-3.028E-2
27.886,0.110,-3.140E-2
27.903,0.110,-3.305E-2
27.920,0.109,-3.497E-2
27.936,0.109,-3.728E-2
27.953,0.109,-3.980E-2
27.970,0.109,-4.280E-2
27.986,0.109,-4.547E-2
28.003,0.109,-4.814E-2
28.020,0.109,-5.040E-2
28.036,0.110,-5.230E-2
28.053,0.110,-5.382E-2
28.070,0.110,-5.474E-2
28.086,0.110,-5.514E-2
28.103,0.111,-5.499E-2
28.120,0.111,-5.400E-2
28.136,0.111,-5.249E-2
28.153,0.112,-5.065E-2
28.170,0.112,-4.827E-2
28.186,0.112,-4.585E-2
28.203,0.113,-4.289E-2
28.220,0.113,-4.020E-2
28.236,0.113,-3.760E-2
28.253,0.114,-3.504E-2
28.270,0.114,-3.313E-2
28.286,0.114,-3.141E-2
28.303,0.114,-3.030E-2
28.320,0.114,-2.947E-2
28.336,0.114,-2.946E-2
28.353,0.114,-2.990E-2
28.370,0.114,-3.095E-2
28.386,0.114,-3.224E-2
28.403,0.114,-3.406E-2
28.420,0.113,-3.620E-2
28.436,0.113,-3.863E-2
28.453,0.113,-4.131E-2
28.470,0.113,-4.408E-2
28.486,0.112,-4.680E-2
28.503,0.112,-4.899E-2
28.520,0.111,-5.138E-2
28.536,0.111,-5.274E-2
28.553,0.111,-5.397E-2
28.570,0.110,-5.462E-2
28.586,0.110,-5.453E-2
28.603,0.109,-5.411E-2
28.620,0.109,-5.301E-2
28.636,0.109,-5.117E-2
28.653,0.109,-4.908E-2
28.670,0.109,-4.654E-2
28.686,0.109,-4.405E-2
28.703,0.110,-4.132E-2
28.720,0.110,-3.873E-2
28.736,0.110,-3.618E-2
28.753,0.110,-3.406E-2
28.770,0.111,-3.227E-2
28.786,0.111,-3.095E-2
28.803,0.111,-2.995E-2
28.820,0.112,-2.963E-2
28.836,0.112,-2.977E-2
28.853,0.112,-3.048E-2
28.870,0.112,-3.140E-2
28.887,0.113,-3.314E-2
28.903,0.113,-3.522E-2
28.920,0.113,-3.751E-2
28.937,0.113,-4.012E-2
28.953,0.113,-4.278E-2
28.970,0.114,-4.538E-2
28.987,0.114,-4.783E-2
29.003,0.114,-4.991E-2
29.020,0.114,-5.202E-2
29.037,0.113,-5.373E-2
29.053,0.113,-5.459E-2
29.070,0.113,-5.487E-2
29.087,0.112,-5.441E-2
29.103,0.112,-5.327E-2
29.120,0.112,-5.170E-2
29.137,0.111,-4.988E-2
29.153,0.111,-4.753E-2
29.170,0.111,-4.498E-2
29.187,0.111,-4.231E-2
29.203,0.111,-3.967E-2
29.220,0.110,-3.707E-2
29.237,0.110,-3.475E-2
29.253,0.110,-3.274E-2
29.270,0.110,-3.120E-2
29.287,0.109,-3.012E-2
29.303,0.109,-2.962E-2
29.320,0.109,-2.936E-2
29.337,0.109,-2.970E-2
29.353,0.109,-3.061E-2
29.370,0.109,-3.195E-2
29.387,0.109,-3.381E-2
29.403,0.110,-3.593E-2
29.420,0.110,-3.839E-2
29.437,0.110,-4.128E-2
29.453,0.110,-4.392E-2
29.470,0.110,-4.664E-2
29.487,0.111,-4.899E-2
29.503,0.111,-5.110E-2
29.520,0.112,-5.292E-2
29.537,0.112,-5.406E-2
29.553,0.112,-5.479E-2
29.570,0.113,-5.470E-2
29.587,0.113,-5.410E-2
29.603,0.113,-5.287E-2
29.620,0.113,-5.141E-2
29.637,0.113,-4.914E-2
29.653,0.113,-4.679E-2
29.670,0.113,-4.424E-2
29.687,0.113,-4.157E-2
29.703,0.113,-3.888E-2
29.720,0.113,-3.632E-2
29.737,0.113,-3.462E-2
29.753,0.113,-3.277E-2
29.770,0.112,-3.156E-2
29.787,0.112,-3.061E-2
29.803,0.112,-3.015E-2
29.820,0.112,-3.030E-2
29.837,0.111,-3.089E-2
29.853,0.111,-3.182E-2
29.870,0.111,-3.334E-2
29.887,0.111,-3.527E-2
29.903,0.110,-3.749E-2
29.920,0.110,-4.016E-2
29.937,0.110,-4.233E-2
29.953,0.110,-4.500E-2
29.970,0.110,-4.736E-2
29.987,0.110,-4.967E-2
30.003,0.110,-5.155E-2
30.020,0.110,-5.324E-2
30.037,0.109,-5.432E-2
30.053,0.110,-5.487E-2
30.070,0.110,-5.451E-2
30.087,0.110,-5.359E-2
30.103,0.110,-5.232E-2
30.120,0.111,-5.062E-2
30.137,0.111,-4.839E-2
30.153,0.111,-4.595E-2
30.170,0.111,-4.349E-2
30.187,0.112,-4.079E-2
30.203,0.112,-3.826E-2
30.220,0.113,-3.599E-2
30.237,0.113,-3.395E-2
30.253,0.113,-3.232E-2
30.270,0.113,-3.112E-2
30.287,0.114,-3.041E-2
30.303,0.113,-3.046E-2
30.320,0.114,-3.063E-2
30.337,0.114,-3.130E-2
30.353,0.114,-3.253E-2
30.370,0.114,-3.414E-2
30.387,0.114,-3.612E-2
30.403,0.114,-3.854E-2
30.420,0.113,-4.102E-2
30.437,0.113,-4.352E-2
30.453,0.113,-4.598E-2
30.470,0.113,-4.815E-2
30.487,0.112,-5.049E-2
30.503,0.112,-5.222E-2
30.520,0.111,-5.343E-2
30.537,0.111,-5.414E-2
30.553,0.110,-5.434E-2
30.570,0.111,-5.338E-2
30.587,0.110,-5.222E-2
30.603,0.110,-5.086E-2
30.620,0.109,-4.908E-2
30.637,0.109,-4.699E-2
30.653,0.109,-4.428E-2
30.670,0.109,-4.194E-2
30.687,0.109,-3.935E-2
30.703,0.109,-3.702E-2
30.720,0.110,-3.485E-2
30.737,0.110,-3.316E-2
30.753,0.110,-3.180E-2
30.770,0.110,-3.087E-2
30.787,0.110,-3.049E-2
30.803,0.111,-3.049E-2
30.820,0.111,-3.101E-2
30.837,0.111,-3.200E-2
30.853,0.111,-3.341E-2
30.870,0.112,-3.536E-2
30.887,0.112,-3.751E-2
30.903,0.112,-3.988E-2
30.920,0.112,-4.246E-2
30.937,0.112,-4.493E-2
30.953,0.113,-4.721E-2
30.970,0.113,-4.951E-2
30.987,0.113,-5.139E-2
31.003,0.113,-5.297E-2
31.020,0.113,-5.383E-2
31.037,0.113,-5.409E-2
31.053,0.112,-5.410E-2
31.070,0.112,-5.322E-2
31.087,0.112,-5.190E-2
31.103,0.112,-5.024E-2
31.120,0.112,-4.789E-2
31.137,0.112,-4.551E-2
31.153,0.112,-4.281E-2
31.170,0.111,-4.050E-2
31.187,0.111,-3.829E-2
31.203,0.111,-3.611E-2
31.220,0.110,-3.413E-2
31.237,0.110,-3.255E-2
31.253,0.110,-3.165E-2
31.270,0.110,-3.082E-2
31.287,0.109,-3.090E-2
31.303,0.109,-3.088E-2
31.320,0.109,-3.155E-2
31.337,0.109,-3.270E-2
31.353,0.109,-3.434E-2
31.370,0.109,-3.637E-2
31.387,0.109,-3.868E-2
31.403,0.110,-4.096E-2
31.420,0.110,-4.361E-2
31.437,0.110,-4.608E-2
31.453,0.110,-4.833E-2
31.470,0.110,-5.043E-2
31.487,0.111,-5.210E-2
31.503,0.111,-5.316E-2
31.520,0.111,-5.394E-2
31.537,0.112,-5.390E-2
31.553,0.112,-5.349E-2
31.570,0.112,-5.249E-2
31.587,0.112,-5.104E-2
31.603,0.113,-4.893E-2
31.620,0.113,-4.664E-2
31.637,0.113,-4.432E-2
31.653,0.114,-4.166E-2
31.670,0.114,-3.927E-2
31.687,0.114,-3.699E-2
31.703,0.114,-3.494E-2
31.720,0.114,-3.319E-2
31.737,0.113,-3.192E-2
31.753,0.113,-3.094E-2
31.770,0.113,-3.095E-2
31.787,0.113,-3.076E-2
31.803,0.113,-3.112E-2
31.820,0.112,-3.202E-2
31.837,0.112,-3.318E-2
31.853,0.112,-3.492E-2
31.870,0.112,-3.717E-2
31.887,0.112,-3.948E-2
31.904,0.111,-4.183E-2
31.920,0.111,-4.427E-2
31.937,0.111,-4.659E-2
31.954,0.111,-4.876E-2
31.970,0.110,-5.064E-2
31.987,0.110,-5.220E-2
32.004,0.110,-5.346E-2
32.020,0.110,-5.365E-2
32.037,0.110,-5.355E-2
32.054,0.110,-5.299E-2
32.070,0.110,-5.174E-2
32.087,0.110,-5.019E-2
32.104,0.110,-4.840E-2
32.120,0.110,-4.600E-2
32.137,0.111,-4.356E-2
32.154,0.111,-4.116E-2
32.170,0.111,-3.889E-2
32.187,0.112,-3.666E-2
32.204,0.112,-3.481E-2
32.220,0.112,-3.323E-2
32.237,0.112,-3.185E-2
32.254,0.113,-3.116E-2
32.270,0.113,-3.081E-2
32.287,0.113,-3.096E-2
32.304,0.113,-3.158E-2
32.320,0.113,-3.280E-2
32.337,0.114,-3.418E-2
32.354,0.114,-3.607E-2
32.370,0.114,-3.817E-2
32.387,0.114,-4.051E-2
32.404,0.113,-4.308E-2
32.420,0.113,-4.526E-2
32.437,0.113,-4.767E-2
32.454,0.113,-4.967E-2
32.470,0.113,-5.133E-2
32.487,0.112,-5.258E-2
32.504,0.112,-5.316E-2
32.520,0.112,-5.325E-2
32.537,0.111,-5.292E-2
32.554,0.111,-5.203E-2
32.570,0.111,-5.056E-2
32.587,0.110,-4.895E-2
32.604,0.110,-4.695E-2
32.620,0.110,-4.462E-2
32.637,0.110,-4.238E-2
32.654,0.109,-4.011E-2
32.670,0.109,-3.784E-2
32.687,0.110,-3.579E-2
32.704,0.109,-3.438E-2
32.720,0.109,-3.291E-2
32.737,0.109,-3.225E-2
32.754,0.109,-3.177E-2
32.770,0.109,-3.178E-2
32.787,0.109,-3.222E-2
32.804,0.110,-3.324E-2
32.820,0.110,-3.415E-2
32.837,0.110,-3.581E-2
32.854,0.111,-3.773E-2
32.870,0.111,-4.002E-2
32.887,0.111,-4.234E-2
32.904,0.111,-4.456E-2
32.920,0.112,-4.680E-2
32.937,0.112,-4.889E-2
32.954,0.112,-5.061E-2
32.970,0.112,-5.221E-2
32.987,0.112,-5.314E-2
33.004,0.112,-5.369E-2
33.020,0.112,-5.334E-2
33.037,0.112,-5.303E-2
33.054,0.112,-5.175E-2
33.070,0.112,-5.000E-2
33.087,0.112,-4.823E-2
33.104,0.112,-4.616E-2
33.120,0.112,-4.397E-2
33.137,0.112,-4.169E-2
33.154,0.111,-3.943E-2
33.170,0.111,-3.708E-2
33.187,0.111,-3.530E-2
33.204,0.111,-3.370E-2
33.220,0.111,-3.255E-2
33.237,0.111,-3.157E-2
33.254,0.110,-3.138E-2
33.270,0.110,-3.156E-2
33.287,0.110,-3.232E-2
33.304,0.110,-3.346E-2
33.320,0.110,-3.473E-2
33.337,0.110,-3.669E-2
33.354,0.109,-3.896E-2
33.370,0.110,-4.105E-2
33.387,0.110,-4.361E-2
33.404,0.110,-4.579E-2
33.420,0.110,-4.798E-2
33.437,0.110,-4.980E-2
33.454,0.110,-5.143E-2
33.470,0.110,-5.256E-2
33.487,0.111,-5.320E-2
33.504,0.111,-5.329E-2
33.520,0.111,-5.296E-2
33.537,0.111,-5.218E-2
33.554,0.112,-5.064E-2
33.570,0.112,-4.892E-2
33.587,0.112,-4.682E-2
33.604,0.112,-4.454E-2
33.620,0.113,-4.218E-2
33.637,0.113,-3.983E-2
33.654,0.113,-3.756E-2
33.670,0.113,-3.549E-2
33.687,0.113,-3.394E-2
33.704,0.113,-3.266E-2
33.720,0.113,-3.180E-2
33.737,0.113,-3.135E-2
33.754,0.113,-3.160E-2
33.770,0.113,-3.175E-2
33.787,0.113,-3.273E-2
33.804,0.113,-3.391E-2
33.820,0.113,-3.561E-2
33.837,0.113,-3.749E-2
33.854,0.112,-3.963E-2
33.870,0.112,-4.188E-2
33.887,0.112,-4.430E-2
33.904,0.112,-4.650E-2
33.920,0.111,-4.829E-2
33.937,0.111,-5.020E-2
33.954,0.111,-5.158E-2
33.970,0.110,-5.273E-2
33.987,0.110,-5.313E-2
34.004,0.110,-5.318E-2
34.020,0.110,-5.268E-2
34.037,0.110,-5.188E-2
34.054,0.110,-4.993E-2
34.070,0.110,-4.812E-2
34.087,0.110,-4.610E-2
34.104,0.110,-4.388E-2
34.120,0.110,-4.170E-2
34.137,0.110,-3.945E-2
34.154,0.111,-3.732E-2
34.170,0.111,-3.539E-2
34.187,0.111,-3.389E-2
34.204,0.111,-3.263E-2
34.220,0.112,-3.193E-2
34.237,0.112,-3.152E-2
34.254,0.112,-3.169E-2
34.270,0.112,-3.212E-2
34.287,0.112,-3.308E-2
34.304,0.113,-3.466E-2
34.320,0.113,-3.619E-2
34.337,0.113,-3.844E-2
34.354,0.113,-4.043E-2
34.370,0.113,-4.269E-2
34.387,0.113,-4.499E-2
34.404,0.113,-4.704E-2
34.420,0.113,-4.911E-2
34.437,0.112,-5.077E-2
34.454,0.112,-5.215E-2
34.470,0.112,-5.272E-2
34.487,0.112,-5.295E-2
34.504,0.112,-5.266E-2
34.520,0.112,-5.167E-2
34.537,0.112,-5.045E-2
34.554,0.111,-4.855E-2
34.570,0.111,-4.663E-2
34.587,0.111,-4.443E-2
34.604,0.111,-4.224E-2
34.620,0.111,-3.982E-2
34.637,0.111,-3.778E-2
34.654,0.110,-3.590E-2
34.670,0.110,-3.434E-2
34.687,0.110,-3.302E-2
34.704,0.110,-3.201E-2
34.720,0.110,-3.150E-2
34.737,0.110,-3.166E-2
34.754,0.110,-3.191E-2
34.770,0.110,-3.273E-2
34.787,0.110,-3.400E-2
34.804,0.110,-3.541E-2
34.820,0.110,-3.739E-2
34.837,0.110,-3.938E-2
34.854,0.110,-4.176E-2
34.870,0.111,-4.388E-2
34.887,0.111,-4.607E-2
34.904,0.111,-4.803E-2
34.920,0.111,-4.973E-2
34.937,0.111,-5.108E-2
34.954,0.112,-5.203E-2
34.971,0.112,-5.238E-2
34.987,0.112,-5.253E-2
35.004,0.112,-5.213E-2
35.021,0.112,-5.119E-2
35.037,0.112,-4.964E-2
35.054,0.112,-4.778E-2
35.071,0.112,-4.590E-2
35.087,0.112,-4.370E-2
35.104,0.112,-4.152E-2
35.121,0.112,-3.945E-2
35.137,0.112,-3.759E-2
35.154,0.112,-3.572E-2
35.171,0.112,-3.429E-2
35.187,0.111,-3.346E-2
35.204,0.111,-3.280E-2
35.221,0.111,-3.229E-2
35.237,0.111,-3.259E-2
35.254,0.111,-3.293E-2
35.271,0.111,-3.398E-2
35.287,0.111,-3.520E-2
35.304,0.110,-3.708E-2
35.321,0.110,-3.908E-2
35.337,0.110,-4.099E-2
35.354,0.110,-4.309E-2
35.371,0.110,-4.544E-2
35.387,0.110,-4.743E-2
35.404,0.110,-4.925E-2
35.421,0.110,-5.083E-2
35.437,0.110,-5.201E-2
35.454,0.110,-5.274E-2
35.471,0.110,-5.302E-2
35.487,0.110,-5.276E-2
35.504,0.110,-5.208E-2
35.521,0.111,-5.062E-2
35.537,0.111,-4.899E-2
35.554,0.111,-4.719E-2
35.571,0.111,-4.513E-2
35.587,0.112,-4.288E-2
35.604,0.112,-4.061E-2
35.621,0.112,-3.874E-2
35.637,0.112,-3.660E-2
35.654,0.112,-3.500E-2
35.671,0.112,-3.384E-2
35.687,0.112,-3.299E-2
35.704,0.112,-3.253E-2
35.721,0.112,-3.250E-2
35.737,0.112,-3.272E-2
35.754,0.112,-3.374E-2
35.771,0.112,-3.471E-2
35.787,0.112,-3.613E-2
35.804,0.112,-3.793E-2
35.821,0.112,-4.009E-2
35.837,0.112,-4.213E-2
35.854,0.112,-4.454E-2
35.871,0.112,-4.644E-2
35.887,0.112,-4.837E-2
35.904,0.111,-5.006E-2
35.921,0.111,-5.141E-2
35.937,0.111,-5.227E-2
35.954,0.111,-5.275E-2
35.971,0.110,-5.270E-2
35.987,0.110,-5.225E-2
36.004,0.110,-5.135E-2
36.021,0.110,-4.969E-2
36.037,0.110,-4.811E-2
36.054,0.110,-4.611E-2
36.071,0.110,-4.395E-2
36.087,0.110,-4.184E-2
36.104,0.110,-3.970E-2
36.121,0.110,-3.780E-2
36.137,0.110,-3.595E-2
36.154,0.110,-3.444E-2
36.171,0.110,-3.320E-2
36.187,0.110,-3.249E-2
36.204,0.111,-3.211E-2
36.221,0.111,-3.229E-2
36.237,0.111,-3.273E-2
36.254,0.111,-3.361E-2
36.271,0.111,-3.488E-2
36.287,0.112,-3.641E-2
36.304,0.112,-3.828E-2
36.321,0.112,-4.053E-2
36.337,0.112,-4.261E-2
36.354,0.112,-4.454E-2
36.371,0.112,-4.663E-2
36.387,0.112,-4.828E-2
36.404,0.112,-4.994E-2
36.421,0.112,-5.109E-2
36.437,0.112,-5.183E-2
36.454,0.112,-5.206E-2
36.471,0.112,-5.173E-2
36.487,0.112,-5.113E-2
36.504,0.112,-5.007E-2
36.521,0.112,-4.868E-2
36.537,0.112,-4.673E-2
36.554,0.111,-4.483E-2
36.571,0.112,-4.262E-2
36.587,0.111,-4.032E-2
36.604,0.111,-3.841E-2
36.621,0.111,-3.662E-2
36.637,0.111,-3.495E-2
36.654,0.111,-3.378E-2
36.671,0.111,-3.301E-2
36.687,0.110,-3.253E-2
36.704,0.110,-3.258E-2
36.721,0.110,-3.280E-2
36.737,0.110,-3.345E-2
36.754,0.110,-3.450E-2
36.771,0.110,-3.613E-2
36.787,0.110,-3.790E-2
36.804,0.110,-3.973E-2
36.821,0.110,-4.182E-2
36.837,0.110,-4.384E-2
36.854,0.110,-4.594E-2
36.871,0.111,-4.768E-2
36.887,0.111,-4.922E-2
36.904,0.111,-5.042E-2
36.921,0.111,-5.138E-2
36.937,0.111,-5.181E-2
36.954,0.112,-5.180E-2
36.971,0.112,-5.102E-2
36.987,0.112,-5.028E-2
37.004,0.112,-4.891E-2
37.021,0.112,-4.718E-2
37.037,0.113,-4.544E-2
37.054,0.113,-4.330E-2
37.071,0.113,-4.131E-2
37.087,0.113,-3.922E-2
37.104,0.113,-3.738E-2
37.121,0.113,-3.572E-2
37.137,0.113,-3.438E-2
37.154,0.113,-3.347E-2
37.171,0.113,-3.270E-2
37.187,0.112,-3.276E-2
37.204,0.112,-3.270E-2
37.221,0.112,-3.317E-2
37.237,0.112,-3.441E-2
37.254,0.112,-3.552E-2
37.271,0.112,-3.713E-2
37.287,0.111,-3.897E-2
37.304,0.111,-4.082E-2
37.321,0.111,-4.302E-2
37.337,0.111,-4.518E-2
37.354,0.111,-4.700E-2
37.371,0.111,-4.881E-2
37.387,0.111,-5.014E-2
37.404,0.110,-5.142E-2
37.421,0.110,-5.204E-2
37.437,0.110,-5.219E-2
37.454,0.110,-5.210E-2
37.471,0.110,-5.135E-2
37.487,0.110,-5.019E-2
37.504,0.110,-4.870E-2
37.521,0.110,-4.697E-2
37.537,0.111,-4.496E-2
37.554,0.110,-4.318E-2
37.571,0.111,-4.098E-2
37.587,0.111,-3.895E-2
37.604,0.111,-3.702E-2
37.621,0.111,-3.568E-2
37.637,0.111,-3.429E-2
37.654,0.111,-3.344E-2
37.671,0.112,-3.297E-2
37.687,0.112,-3.297E-2
37.704,0.112,-3.316E-2
37.721,0.112,-3.417E-2
37.737,0.112,-3.501E-2
37.754,0.112,-3.634E-2
37.771,0.112,-3.804E-2
37.787,0.112,-3.989E-2
37.804,0.112,-4.202E-2
37.821,0.112,-4.397E-2
37.837,0.112,-4.591E-2
37.854,0.112,-4.767E-2
37.871,0.112,-4.934E-2
37.887,0.112,-5.061E-2
37.904,0.112,-5.159E-2
37.921,0.111,-5.209E-2
37.937,0.111,-5.211E-2
37.954,0.111,-5.163E-2
37.971,0.111,-5.062E-2
37.988,0.111,-4.946E-2
38.004,0.110,-4.815E-2
38.021,0.110,-4.624E-2
38.038,0.110,-4.431E-2
38.054,0.110,-4.240E-2
38.071,0.109,-4.052E-2
38.088,0.109,-3.861E-2
38.104,0.109,-3.707E-2
38.121,0.109,-3.580E-2
38.138,0.109,-3.452E-2
38.154,0.109,-3.396E-2
38.171,0.109,-3.367E-2
38.188,0.109,-3.395E-2
38.204,0.109,-3.412E-2
38.221,0.109,-3.506E-2
38.238,0.109,-3.616E-2
38.254,0.110,-3.782E-2
38.271,0.110,-3.934E-2
38.288,0.110,-4.122E-2
38.304,0.110,-4.319E-2
38.321,0.111,-4.510E-2
38.338,0.111,-4.695E-2
38.354,0.111,-4.875E-2
38.371,0.111,-5.020E-2
38.388,0.111,-5.125E-2
38.404,0.112,-5.187E-2
38.421,0.112,-5.225E-2
38.438,0.112,-5.210E-2
38.454,0.112,-5.124E-2
38.471,0.112,-5.025E-2
38.488,0.112,-4.886E-2
38.504,0.112,-4.715E-2
38.521,0.112,-4.525E-2
38.538,0.112,-4.323E-2
38.554,0.112,-4.123E-2
38.571,0.112,-3.944E-2
38.588,0.111,-3.775E-2
38.604,0.111,-3.611E-2
38.621,0.111,-3.494E-2
38.638,0.111,-3.439E-2
38.654,0.110,-3.393E-2
38.671,0.110,-3.386E-2
38.688,0.110,-3.406E-2
38.704,0.110,-3.480E-2
38.721,0.110,-3.580E-2
38.738,0.110,-3.693E-2
38.754,0.110,-3.840E-2
38.771,0.110,-4.021E-2
38.788,0.110,-4.219E-2
38.804,0.110,-4.405E-2
38.821,0.110,-4.594E-2
38.838,0.110,-4.769E-2
38.854,0.110,-4.915E-2
38.871,0.110,-5.047E-2
38.888,0.110,-5.132E-2
38.904,0.110,-5.186E-2
38.921,0.110,-5.171E-2
38.938,0.110,-5.136E-2
38.954,0.110,-5.065E-2
38.971,0.111,-4.926E-2
38.988,0.111,-4.764E-2
39.004,0.111,-4.611E-2
39.021,0.112,-4.403E-2
39.038,0.112,-4.202E-2
39.054,0.112,-4.006E-2
39.071,0.112,-3.824E-2
39.088,0.112,-3.672E-2
39.104,0.112,-3.524E-2
39.121,0.113,-3.408E-2
39.138,0.112,-3.362E-2
39.154,0.112,-3.336E-2
39.171,0.112,-3.364E-2
39.188,0.112,-3.390E-2
39.204,0.112,-3.486E-2
39.221,0.112,-3.597E-2
39.238,0.112,-3.759E-2
39.254,0.112,-3.942E-2
39.271,0.112,-4.118E-2
39.288,0.112,-4.299E-2
39.304,0.112,-4.501E-2
39.321,0.111,-4.668E-2
39.338,0.111,-4.866E-2
39.354,0.111,-4.981E-2
39.371,0.111,-5.083E-2
39.388,0.110,-5.179E-2
39.404,0.111,-5.174E-2
39.421,0.110,-5.157E-2
39.438,0.110,-5.104E-2
39.454,0.110,-4.998E-2
39.471,0.110,-4.851E-2
39.488,0.110,-4.702E-2
39.504,0.110,-4.518E-2
39.521,0.110,-4.311E-2
39.538,0.110,-4.094E-2
39.554,0.110,-3.910E-2
39.571,0.110,-3.762E-2
39.588,0.110,-3.599E-2
39.604,0.110,-3.485E-2
39.621,0.110,-3.405E-2
39.638,0.110,-3.370E-2
39.654,0.110,-3.367E-2
39.671,0.111,-3.369E-2
39.688,0.111,-3.428E-2
39.704,0.111,-3.527E-2
39.721,0.111,-3.672E-2
39.738,0.111,-3.824E-2
39.754,0.112,-4.015E-2
39.771,0.112,-4.194E-2
39.788,0.112,-4.377E-2
39.804,0.112,-4.564E-2
39.821,0.112,-4.719E-2
39.838,0.112,-4.869E-2
39.854,0.112,-4.985E-2
39.871,0.112,-5.072E-2
39.888,0.112,-5.129E-2
39.904,0.112,-5.129E-2
39.921,0.112,-5.089E-2
39.938,0.112,-5.000E-2
39.954,0.112,-4.871E-2
39.971,0.111,-4.739E-2
39.988,0.111,-4.576E-2
40.004,0.111,-4.389E-2
40.021,0.111,-4.213E-2
40.038,0.111,-4.015E-2
40.054,0.111,-3.838E-2
40.071,0.110,-3.691E-2
40.088,0.110,-3.549E-2
40.104,0.110,-3.458E-2
40.121,0.110,-3.378E-2
40.138,0.110,-3.345E-2
40.154,0.110,-3.344E-2
40.171,0.110,-3.381E-2
40.188,0.110,-3.451E-2
40.204,0.110,-3.567E-2
40.221,0.110,-3.708E-2
40.238,0.110,-3.864E-2
40.254,0.110,-4.053E-2
40.271,0.110,-4.245E-2
40.288,0.111,-4.399E-2
40.304,0.111,-4.588E-2
40.321,0.111,-4.765E-2
40.338,0.111,-4.897E-2
40.354,0.111,-5.020E-2
40.371,0.111,-5.081E-2
40.388,0.112,-5.112E-2
40.404,0.112,-5.092E-2
40.421,0.112,-5.051E-2
40.438,0.112,-4.944E-2
40.454,0.112,-4.829E-2
40.471,0.112,-4.668E-2
40.488,0.112,-4.500E-2
40.504,0.112,-4.297E-2
40.521,0.112,-4.142E-2
40.538,0.112,-3.968E-2
40.554,0.112,-3.797E-2
40.571,0.112,-3.662E-2
40.588,0.112,-3.548E-2
40.604,0.112,-3.452E-2
40.621,0.112,-3.414E-2
40.638,0.111,-3.407E-2
40.654,0.111,-3.427E-2
40.671,0.112,-3.482E-2
40.688,0.111,-3.601E-2
40.704,0.111,-3.709E-2
40.721,0.111,-3.868E-2
40.738,0.111,-4.026E-2
40.754,0.111,-4.216E-2
40.771,0.110,-4.425E-2
40.788,0.110,-4.612E-2
40.804,0.110,-4.770E-2
40.821,0.110,-4.902E-2
40.838,0.110,-5.013E-2
40.854,0.110,-5.091E-2
40.871,0.110,-5.130E-2
40.888,0.110,-5.105E-2
40.904,0.110,-5.085E-2
40.921,0.110,-5.022E-2
40.938,0.110,-4.889E-2
40.954,0.110,-4.737E-2
40.971,0.111,-4.563E-2
40.988,0.111,-4.369E-2
41.004,0.111,-4.188E-2
41.021,0.111,-4.005E-2
41.038,0.112,-3.822E-2
41.055,0.112,-3.690E-2
41.071,0.112,-3.575E-2
41.088,0.112,-3.474E-2
41.105,0.112,-3.406E-2
41.121,0.112,-3.388E-2
41.138,0.112,-3.403E-2
41.155,0.112,-3.436E-2
41.171,0.112,-3.520E-2
41.188,0.113,-3.619E-2
41.205,0.113,-3.757E-2
41.221,0.113,-3.916E-2
41.238,0.113,-4.093E-2
41.255,0.112,-4.290E-2
41.271,0.112,-4.466E-2
41.288,0.112,-4.654E-2
41.305,0.112,-4.813E-2
41.321,0.112,-4.919E-2
41.338,0.112,-5.020E-2
41.355,0.112,-5.088E-2
41.371,0.111,-5.118E-2
41.388,0.111,-5.098E-2
41.405,0.111,-5.037E-2
41.421,0.111,-4.925E-2
41.438,0.111,-4.801E-2
41.455,0.110,-4.659E-2
41.471,0.110,-4.468E-2
41.488,0.110,-4.292E-2
41.505,0.110,-4.101E-2
41.521,0.110,-3.914E-2
41.538,0.110,-3.750E-2
41.555,0.110,-3.612E-2
41.571,0.110,-3.500E-2
41.588,0.110,-3.424E-2
41.605,0.110,-3.420E-2
41.621,0.110,-3.397E-2
41.638,0.110,-3.411E-2
41.655,0.110,-3.480E-2
41.671,0.110,-3.575E-2
41.688,0.111,-3.694E-2
41.705,0.111,-3.854E-2
41.721,0.111,-3.979E-2
41.738,0.111,-4.175E-2
41.755,0.111,-4.347E-2
41.771,0.112,-4.545E-2
41.788,0.112,-4.697E-2
41.805,0.112,-4.865E-2
41.821,0.112,-4.965E-2
41.838,0.112,-5.054E-2
41.855,0.112,-5.096E-2
41.871,0.112,-5.113E-2
41.888,0.112,-5.076E-2
41.905,0.112,-4.990E-2
41.921,0.112,-4.891E-2
41.938,0.112,-4.750E-2
41.955,0.112,-4.580E-2
41.971,0.111,-4.420E-2
41.988,0.112,-4.236E-2
42.005,0.111,-4.067E-2
42.021,0.111,-3.915E-2
42.038,0.111,-3.772E-2
42.055,0.111,-3.645E-2
42.071,0.110,-3.549E-2
42.088,0.110,-3.503E-2
42.105,0.110,-3.478E-2
42.121,0.110,-3.485E-2
42.138,0.109,-3.529E-2
42.155,0.109,-3.591E-2
42.171,0.109,-3.705E-2
42.188,0.109,-3.829E-2
42.205,0.109,-3.983E-2
42.221,0.109,-4.141E-2
42.238,0.109,-4.305E-2
42.255,0.109,-4.485E-2
42.271,0.109,-4.657E-2
42.288,0.110,-4.767E-2
42.305,0.110,-4.909E-2
42.321,0.110,-5.004E-2
42.338,0.110,-5.037E-2
42.355,0.111,-5.061E-2
42.371,0.111,-5.067E-2
42.388,0.111,-4.992E-2
42.405,0.111,-4.897E-2
42.421,0.112,-4.770E-2
42.438,0.112,-4.650E-2
42.455,0.112,-4.467E-2
42.471,0.112,-4.313E-2
42.488,0.112,-4.139E-2
42.505,0.113,-3.957E-2
42.521,0.112,-3.828E-2
42.538,0.113,-3.681E-2
42.555,0.112,-3.598E-2
42.571,0.113,-3.501E-2
42.588,0.113,-3.452E-2
42.605,0.112,-3.453E-2
42.621,0.112,-3.486E-2
42.638,0.112,-3.544E-2
42.655,0.112,-3.645E-2
42.671,0.112,-3.755E-2
42.688,0.112,-3.899E-2
42.705,0.112,-4.048E-2
42.721,0.111,-4.213E-2
42.738,0.111,-4.391E-2
42.755,0.111,-4.563E-2
42.771,0.111,-4.709E-2
42.788,0.111,-4.851E-2
42.805,0.110,-4.955E-2
42.821,0.110,-5.011E-2
42.838,0.110,-5.042E-2
42.855,0.110,-5.050E-2
42.871,0.110,-5.002E-2
42.888,0.110,-4.951E-2
42.905,0.110,-4.841E-2
42.921,0.110,-4.704E-2
42.938,0.110,-4.541E-2
42.955,0.110,-4.359E-2
42.971,0.110,-4.183E-2
42.988,0.111,-4.008E-2
43.005,0.111,-3.848E-2
43.021,0.111,-3.716E-2
43.038,0.111,-3.594E-2
43.055,0.111,-3.521E-2
43.071,0.111,-3.484E-2
43.088,0.111,-3.431E-2
43.105,0.112,-3.455E-2
43.121,0.112,-3.495E-2
43.138,0.112,-3.567E-2
43.155,0.112,-3.668E-2
43.171,0.112,-3.807E-2
43.188,0.112,-3.962E-2
43.205,0.112,-4.134E-2
43.221,0.112,-4.306E-2
43.238,0.112,-4.484E-2
43.255,0.112,-4.666E-2
43.271,0.112,-4.810E-2
43.288,0.112,-4.923E-2
43.305,0.112,-5.028E-2
43.321,0.111,-5.082E-2
43.338,0.111,-5.112E-2
43.355,0.111,-5.091E-2
43.371,0.111,-5.039E-2
43.388,0.111,-4.946E-2
43.405,0.111,-4.808E-2
43.421,0.110,-4.679E-2
43.438,0.110,-4.517E-2
43.455,0.110,-4.328E-2
43.471,0.110,-4.165E-2
43.488,0.110,-3.982E-2
43.505,0.109,-3.851E-2
43.521,0.109,-3.739E-2
43.538,0.109,-3.645E-2
43.555,0.109,-3.542E-2
43.571,0.109,-3.497E-2
43.588,0.109,-3.495E-2
43.605,0.109,-3.498E-2
43.621,0.109,-3.546E-2
43.638,0.109,-3.670E-2
43.655,0.109,-3.759E-2
43.671,0.110,-3.892E-2
43.688,0.110,-4.064E-2
43.705,0.110,-4.210E-2
43.721,0.110,-4.387E-2
43.738,0.110,-4.563E-2
43.755,0.111,-4.697E-2
43.771,0.111,-4.826E-2
43.788,0.111,-4.959E-2
43.805,0.111,-5.016E-2
43.821,0.112,-5.075E-2
43.838,0.112,-5.071E-2
43.855,0.112,-5.030E-2
43.871,0.112,-4.969E-2
43.888,0.112,-4.856E-2
43.905,0.112,-4.733E-2
43.921,0.112,-4.614E-2
43.938,0.112,-4.445E-2
43.955,0.112,-4.288E-2
43.971,0.112,-4.115E-2
43.988,0.111,-3.976E-2
44.005,0.111,-3.841E-2
44.021,0.111,-3.710E-2
44.038,0.111,-3.615E-2
44.055,0.111,-3.577E-2
44.072,0.110,-3.550E-2
44.088,0.110,-3.553E-2
44.105,0.110,-3.593E-2
44.122,0.110,-3.665E-2
44.138,0.110,-3.760E-2
44.155,0.109,-3.880E-2
44.172,0.109,-4.015E-2
44.188,0.109,-4.178E-2
44.205,0.109,-4.334E-2
44.222,0.109,-4.465E-2
44.238,0.109,-4.644E-2
44.255,0.109,-4.774E-2
44.272,0.109,-4.887E-2
44.288,0.109,-4.958E-2
44.305,0.109,-5.020E-2
44.322,0.110,-5.016E-2
44.338,0.110,-4.998E-2
44.355,0.110,-4.955E-2
44.372,0.111,-4.856E-2
44.388,0.111,-4.768E-2
44.405,0.111,-4.608E-2
44.422,0.111,-4.466E-2
44.438,0.112,-4.293E-2
44.455,0.112,-4.146E-2
44.472,0.112,-3.966E-2
44.488,0.112,-3.838E-2
44.505,0.112,-3.715E-2
44.522,0.112,-3.643E-2
44.538,0.112,-3.578E-2
44.555,0.112,-3.525E-2
44.572,0.112,-3.516E-2
44.588,0.112,-3.544E-2
44.605,0.112,-3.619E-2
44.622,0.112,-3.681E-2
44.638,0.112,-3.794E-2
44.655,0.112,-3.938E-2
44.672,0.112,-4.071E-2
44.688,0.112,-4.263E-2
44.705,0.112,-4.431E-2
44.722,0.111,-4.590E-2
44.738,0.111,-4.722E-2
44.755,0.111,-4.842E-2
44.772,0.111,-4.936E-2
44.788,0.110,-5.020E-2
44.805,0.110,-5.049E-2
44.822,0.110,-5.036E-2
44.838,0.109,-4.998E-2
44.855,0.109,-4.930E-2
44.872,0.109,-4.819E-2
44.888,0.109,-4.677E-2
44.905,0.109,-4.527E-2
44.922,0.109,-4.374E-2
44.938,0.109,-4.214E-2
44.955,0.109,-4.050E-2
44.972,0.109,-3.919E-2
44.988,0.109,-3.776E-2
45.005,0.110,-3.659E-2
45.022,0.110,-3.573E-2
45.038,0.110,-3.518E-2
45.055,0.110,-3.498E-2
45.072,0.111,-3.507E-2
45.088,0.111,-3.550E-2
45.105,0.111,-3.619E-2
45.122,0.111,-3.704E-2
45.138,0.112,-3.823E-2
45.155,0.112,-3.992E-2
45.172,0.112,-4.116E-2
45.188,0.112,-4.292E-2
45.205,0.112,-4.446E-2
45.222,0.112,-4.609E-2
45.238,0.113,-4.754E-2
45.255,0.112,-4.865E-2
45.272,0.112,-4.963E-2
45.288,0.112,-5.020E-2
45.305,0.112,-5.053E-2
45.322,0.112,-5.040E-2
45.338,0.112,-4.995E-2
45.355,0.111,-4.910E-2
45.372,0.111,-4.797E-2
45.388,0.111,-4.644E-2
45.405,0.111,-4.493E-2
45.422,0.111,-4.325E-2
45.438,0.110,-4.179E-2
45.455,0.110,-4.016E-2
45.472,0.110,-3.844E-2
45.488,0.110,-3.731E-2
45.505,0.109,-3.670E-2
45.522,0.109,-3.573E-2
45.538,0.109,-3.525E-2
45.555,0.109,-3.518E-2
45.572,0.109,-3.547E-2
45.588,0.109,-3.602E-2
45.605,0.109,-3.662E-2
45.622,0.109,-3.781E-2
45.638,0.109,-3.894E-2
45.655,0.109,-4.054E-2
45.672,0.110,-4.189E-2
45.688,0.110,-4.344E-2
45.705,0.110,-4.506E-2
45.722,0.110,-4.658E-2
45.738,0.111,-4.786E-2
45.755,0.111,-4.889E-2
45.772,0.111,-4.946E-2
45.788,0.112,-4.982E-2
45.805,0.112,-4.989E-2
45.822,0.112,-4.964E-2
45.838,0.112,-4.902E-2
45.855,0.112,-4.804E-2
45.872,0.112,-4.700E-2
45.888,0.113,-4.568E-2
45.905,0.113,-4.427E-2
45.922,0.112,-4.283E-2
45.938,0.112,-4.125E-2
45.955,0.113,-3.971E-2
45.972,0.112,-3.855E-2
45.988,0.112,-3.751E-2
46.005,0.112,-3.654E-2
46.022,0.112,-3.621E-2
46.038,0.112,-3.577E-2
46.055,0.111,-3.601E-2
46.072,0.111,-3.617E-2
46.088,0.111,-3.684E-2
46.105,0.111,-3.778E-2
46.122,0.110,-3.890E-2
46.138,0.110,-4.032E-2
46.155,0.110,-4.173E-2
46.172,0.110,-4.302E-2
46.188,0.110,-4.440E-2
46.205,0.109,-4.609E-2
46.222,0.109,-4.716E-2
46.238,0.109,-4.837E-2
46.255,0.109,-4.905E-2
46.272,0.109,-4.977E-2
46.288,0.109,-4.979E-2
46.305,0.109,-4.945E-2
46.322,0.109,-4.908E-2
46.338,0.110,-4.841E-2
46.355,0.110,-4.718E-2
46.372,0.110,-4.607E-2
46.388,0.110,-4.447E-2
46.405,0.111,-4.304E-2
46.422,0.111,-4.161E-2
46.438,0.111,-4.041E-2
46.455,0.111,-3.887E-2
46.472,0.111,-3.810E-2
46.488,0.112,-3.691E-2
46.505,0.112,-3.622E-2
46.522,0.112,-3.602E-2
46.538,0.112,-3.591E-2
46.555,0.112,-3.626E-2
46.572,0.112,-3.669E-2
46.588,0.112,-3.756E-2
46.605,0.112,-3.868E-2
46.622,0.112,-4.013E-2
46.638,0.112,-4.140E-2
46.655,0.112,-4.277E-2
46.672,0.112,-4.443E-2
46.688,0.112,-4.591E-2
46.705,0.112,-4.724E-2
46.722,0.111,-4.857E-2
46.738,0.111,-4.947E-2
46.755,0.111,-4.999E-2
46.772,0.110,-5.013E-2
46.788,0.110,-5.000E-2
46.805,0.110,-4.970E-2
46.822,0.110,-4.877E-2
46.838,0.109,-4.794E-2
46.855,0.109,-4.673E-2
46.872,0.109,-4.537E-2
46.888,0.109,-4.352E-2
46.905,0.109,-4.215E-2
46.922,0.109,-4.053E-2
46.938,0.109,-3.918E-2
46.955,0.109,-3.799E-2
46.972,0.109,-3.696E-2
46.988,0.109,-3.643E-2
47.005,0.109,-3.570E-2
47.022,0.109,-3.550E-2
47.038,0.109,-3.574E-2
47.055,0.109,-3.619E-2
47.072,0.110,-3.694E-2
47.089,0.110,-3.774E-2
47.105,0.111,-3.887E-2
47.122,0.111,-4.029E-2
47.139,0.111,-4.184E-2
47.155,0.111,-4.322E-2
47.172,0.112,-4.473E-2
47.189,0.112,-4.637E-2
47.205,0.112,-4.754E-2
47.222,0.112,-4.852E-2
47.239,0.112,-4.926E-2
47.255,0.112,-4.991E-2
47.272,0.112,-5.011E-2
47.289,0.112,-4.989E-2
47.305,0.112,-4.956E-2
47.322,0.112,-4.858E-2
47.339,0.112,-4.761E-2
47.355,0.112,-4.635E-2
47.372,0.111,-4.484E-2
47.389,0.112,-4.308E-2
47.405,0.111,-4.172E-2
47.422,0.111,-4.034E-2
47.439,0.111,-3.873E-2
47.455,0.110,-3.749E-2
47.472,0.110,-3.685E-2
47.489,0.110,-3.595E-2
47.505,0.109,-3.574E-2
47.522,0.109,-3.547E-2
47.539,0.109,-3.572E-2
47.555,0.109,-3.617E-2
47.572,0.109,-3.706E-2
47.589,0.109,-3.805E-2
47.605,0.109,-3.945E-2
47.622,0.109,-4.076E-2
47.639,0.109,-4.217E-2
47.655,0.109,-4.346E-2
47.672,0.109,-4.505E-2
47.689,0.109,-4.644E-2
47.705,0.110,-4.763E-2
47.722,0.110,-4.834E-2
47.739,0.110,-4.905E-2
47.755,0.111,-4.954E-2
47.772,0.111,-4.944E-2
47.789,0.111,-4.928E-2
47.805,0.112,-4.865E-2
47.822,0.112,-4.781E-2
47.839,0.112,-4.673E-2
47.855,0.112,-4.567E-2
47.872,0.112,-4.424E-2
47.889,0.112,-4.289E-2
47.905,0.112,-4.150E-2
47.922,0.113,-3.979E-2
47.939,0.112,-3.892E-2
47.955,0.113,-3.776E-2
47.972,0.113,-3.688E-2
47.989,0.112,-3.641E-2
48.005,0.112,-3.623E-2
48.022,0.112,-3.620E-2
48.039,0.112,-3.668E-2
48.055,0.112,-3.737E-2
48.072,0.111,-3.800E-2
48.089,0.111,-3.911E-2
48.105,0.111,-4.032E-2
48.122,0.111,-4.170E-2
48.139,0.111,-4.309E-2
48.155,0.110,-4.443E-2
48.172,0.110,-4.583E-2
48.189,0.110,-4.705E-2
48.205,0.109,-4.816E-2
48.222,0.109,-4.885E-2
48.239,0.109,-4.932E-2
48.255,0.109,-4.935E-2
48.272,0.109,-4.929E-2
48.289,0.109,-4.884E-2
48.305,0.109,-4.794E-2
48.322,0.109,-4.698E-2
48.339,0.109,-4.554E-2
48.355,0.109,-4.423E-2
48.372,0.110,-4.280E-2
48.389,0.110,-4.145E-2
48.405,0.110,-4.038E-2
48.422,0.110,-3.893E-2
48.439,0.111,-3.772E-2
48.455,0.111,-3.700E-2
48.472,0.111,-3.670E-2
48.489,0.112,-3.619E-2
48.505,0.112,-3.614E-2
48.522,0.112,-3.636E-2
48.539,0.112,-3.693E-2
48.555,0.112,-3.774E-2
48.572,0.113,-3.869E-2
48.589,0.113,-3.991E-2
48.605,0.113,-4.140E-2
48.622,0.113,-4.284E-2
48.639,0.113,-4.422E-2
48.655,0.113,-4.551E-2
48.672,0.112,-4.689E-2
48.689,0.112,-4.804E-2
48.705,0.112,-4.908E-2
48.722,0.112,-4.953E-2
48.739,0.111,-4.982E-2
48.755,0.111,-4.966E-2
48.772,0.110,-4.934E-2
48.789,0.110,-4.858E-2
48.805,0.110,-4.774E-2
48.822,0.109,-4.644E-2
48.839,0.109,-4.501E-2
48.855,0.109,-4.349E-2
48.872,0.109,-4.206E-2
48.889,0.109,-4.054E-2
48.905,0.109,-3.919E-2
48.922,0.109,-3.799E-2
48.939,0.108,-3.704E-2
48.955,0.108,-3.635E-2
48.972,0.109,-3.595E-2
48.989,0.109,-3.571E-2
49.005,0.109,-3.594E-2
49.022,0.109,-3.613E-2
49.039,0.109,-3.680E-2
49.055,0.110,-3.784E-2
49.072,0.110,-3.923E-2
49.089,0.110,-4.031E-2
49.105,0.111,-4.159E-2
49.122,0.111,-4.317E-2
49.139,0.111,-4.440E-2
49.155,0.112,-4.588E-2
49.172,0.112,-4.696E-2
49.189,0.112,-4.799E-2
49.205,0.112,-4.891E-2
49.222,0.113,-4.933E-2
49.239,0.113,-4.960E-2
49.255,0.113,-4.935E-2
49.272,0.113,-4.888E-2
49.289,0.113,-4.808E-2
49.305,0.113,-4.710E-2
49.322,0.113,-4.583E-2
49.339,0.112,-4.468E-2
49.355,0.112,-4.313E-2
49.372,0.112,-4.175E-2
49.389,0.112,-4.035E-2
49.405,0.112,-3.897E-2
49.422,0.111,-3.797E-2
49.439,0.111,-3.702E-2
49.455,0.110,-3.667E-2
49.472,0.110,-3.615E-2
49.489,0.110,-3.621E-2
49.505,0.109,-3.640E-2
49.522,0.109,-3.688E-2
49.539,0.109,-3.783E-2
49.555,0.109,-3.890E-2
49.572,0.108,-4.015E-2
49.589,0.109,-4.100E-2
49.605,0.108,-4.258E-2
49.622,0.108,-4.397E-2
49.639,0.109,-4.538E-2
49.655,0.109,-4.672E-2
49.672,0.109,-4.772E-2
49.689,0.109,-4.834E-2
49.705,0.110,-4.877E-2
49.722,0.110,-4.929E-2
49.739,0.110,-4.931E-2
49.755,0.110,-4.883E-2
49.772,0.111,-4.834E-2
49.789,0.111,-4.738E-2
49.805,0.112,-4.600E-2
49.822,0.112,-4.487E-2
49.839,0.112,-4.361E-2
49.855,0.113,-4.210E-2
49.872,0.113,-4.077E-2
49.889,0.113,-3.967E-2
49.905,0.113,-3.846E-2
49.922,0.113,-3.784E-2
49.939,0.113,-3.714E-2
49.955,0.113,-3.668E-2
49.972,0.113,-3.646E-2
49.989,0.113,-3.666E-2
50.005,0.113,-3.690E-2
50.022,0.112,-3.779E-2
50.039,0.112,-3.851E-2
50.055,0.112,-3.954E-2
50.072,0.112,-4.076E-2
50.089,0.111,-4.217E-2
50.105,0.111,-4.339E-2
50.122,0.111,-4.461E-2
50.139,0.110,-4.588E-2
50.156,0.110,-4.725E-2
50.172,0.110,-4.787E-2
50.189,0.109,-4.882E-2
50.206,0.109,-4.898E-2
50.222,0.109,-4.909E-2
50.239,0.109,-4.889E-2
50.256,0.108,-4.830E-2
50.272,0.109,-4.743E-2
50.289,0.109,-4.650E-2
50.306,0.109,-4.537E-2
50.322,0.109,-4.399E-2
50.339,0.109,-4.264E-2
50.356,0.109,-4.125E-2
50.372,0.110,-3.994E-2
50.389,0.110,-3.877E-2
50.406,0.110,-3.781E-2
50.422,0.110,-3.709E-2
50.439,0.110,-3.664E-2
50.456,0.111,-3.646E-2
50.472,0.111,-3.648E-2
50.489,0.111,-3.659E-2
50.506,0.112,-3.706E-2
50.522,0.112,-3.795E-2
50.539,0.112,-3.896E-2
50.556,0.112,-4.012E-2
50.572,0.113,-4.136E-2
50.589,0.113,-4.289E-2
50.606,0.113,-4.430E-2
50.622,0.113,-4.568E-2
50.639,0.113,-4.675E-2
50.656,0.112,-4.791E-2
50.672,0.112,-4.877E-2
50.689,0.112,-4.933E-2
50.706,0.112,-4.950E-2
50.722,0.112,-4.928E-2
50.739,0.111,-4.879E-2
50.756,0.111,-4.820E-2
50.772,0.111,-4.714E-2
50.789,0.110,-4.615E-2
50.806,0.110,-4.472E-2
50.822,0.110,-4.327E-2
50.839,0.109,-4.187E-2
50.856,0.109,-4.059E-2
50.872,0.109,-3.915E-2
50.889,0.108,-3.820E-2
50.906,0.108,-3.727E-2
50.922,0.108,-3.672E-2
50.939,0.108,-3.626E-2
50.956,0.108,-3.614E-2
50.972,0.108,-3.645E-2
50.989,0.108,-3.693E-2
51.006,0.108,-3.751E-2
51.022,0.109,-3.802E-2
51.039,0.109,-3.938E-2
51.056,0.109,-4.058E-2
51.072,0.110,-4.195E-2
51.089,0.110,-4.321E-2
51.106,0.110,-4.468E-2
51.122,0.111,-4.612E-2
51.139,0.111,-4.710E-2
51.156,0.112,-4.795E-2
51.172,0.112,-4.866E-2
51.189,0.112,-4.896E-2
51.206,0.112,-4.919E-2
51.222,0.113,-4.906E-2
51.239,0.113,-4.854E-2
51.256,0.113,-4.787E-2
51.272,0.113,-4.680E-2
51.289,0.113,-4.567E-2
51.306,0.113,-4.431E-2
51.322,0.113,-4.312E-2
51.339,0.113,-4.141E-2
51.356,0.113,-4.025E-2
51.372,0.113,-3.890E-2
51.389,0.112,-3.803E-2
51.406,0.112,-3.715E-2
51.422,0.112,-3.688E-2
51.439,0.111,-3.667E-2
51.456,0.111,-3.668E-2
51.472,0.110,-3.686E-2
51.489,0.110,-3.737E-2
51.506,0.110,-3.806E-2
51.522,0.109,-3.893E-2
51.539,0.109,-4.003E-2
51.556,0.109,-4.107E-2
51.572,0.109,-4.210E-2
51.589,0.109,-4.403E-2
51.606,0.109,-4.493E-2
51.622,0.109,-4.606E-2
51.639,0.109,-4.727E-2
51.656,0.109,-4.791E-2
51.672,0.109,-4.861E-2
51.689,0.109,-4.860E-2
51.706,0.109,-4.865E-2
51.722,0.110,-4.839E-2
51.739,0.110,-4.764E-2
51.756,0.110,-4.672E-2
51.772,0.111,-4.583E-2
51.789,0.111,-4.472E-2
51.806,0.111,-4.339E-2
51.822,0.111,-4.245E-2
51.839,0.112,-4.110E-2
51.856,0.112,-3.986E-2
51.872,0.112,-3.890E-2
51.889,0.113,-3.808E-2
51.906,0.113,-3.738E-2
51.922,0.113,-3.710E-2
51.939,0.113,-3.707E-2
51.956,0.113,-3.702E-2
51.972,0.113,-3.760E-2
51.989,0.113,-3.833E-2
52.006,0.112,-3.906E-2
52.022,0.112,-4.000E-2
52.039,0.112,-4.140E-2
52.056,0.112,-4.261E-2
52.072,0.111,-4.402E-2
52.089,0.111,-4.508E-2
52.106,0.111,-4.629E-2
52.122,0.110,-4.715E-2
52.139,0.110,-4.805E-2
52.156,0.110,-4.858E-2
52.172,0.109,-4.891E-2
52.189,0.109,-4.881E-2
52.206,0.109,-4.843E-2
52.222,0.109,-4.788E-2
52.239,0.108,-4.692E-2
52.256,0.108,-4.612E-2
52.272,0.108,-4.491E-2
52.289,0.108,-4.347E-2
52.306,0.108,-4.247E-2
52.322,0.108,-4.127E-2
52.339,0.108,-4.014E-2
52.356,0.108,-3.913E-2
52.372,0.109,-3.823E-2
52.389,0.109,-3.730E-2
52.406,0.109,-3.712E-2
52.422,0.110,-3.682E-2
52.439,0.110,-3.691E-2
52.456,0.110,-3.716E-2
52.472,0.111,-3.779E-2
52.489,0.111,-3.849E-2
52.506,0.111,-3.938E-2
52.522,0.112,-4.056E-2
52.539,0.112,-4.180E-2
52.556,0.112,-4.318E-2
52.572,0.112,-4.441E-2
52.589,0.113,-4.556E-2
52.606,0.113,-4.686E-2
52.622,0.113,-4.784E-2
52.639,0.113,-4.857E-2
52.656,0.112,-4.908E-2
52.672,0.112,-4.909E-2
52.689,0.112,-4.899E-2
52.706,0.112,-4.856E-2
52.722,0.112,-4.782E-2
52.739,0.111,-4.690E-2
52.756,0.111,-4.589E-2
52.772,0.111,-4.444E-2
52.789,0.110,-4.349E-2
52.806,0.110,-4.186E-2
52.822,0.110,-4.069E-2
52.839,0.109,-3.963E-2
52.856,0.109,-3.856E-2
52.872,0.109,-3.771E-2
52.889,0.109,-3.717E-2
52.906,0.108,-3.660E-2
52.922,0.108,-3.660E-2
52.939,0.108,-3.690E-2
52.956,0.108,-3.711E-2
52.972,0.108,-3.776E-2
52.989,0.108,-3.895E-2
53.006,0.108,-3.994E-2
53.022,0.109,-4.107E-2
53.039,0.109,-4.218E-2
53.056,0.109,-4.327E-2
53.072,0.110,-4.463E-2
53.089,0.110,-4.588E-2
53.106,0.110,-4.707E-2
53.122,0.110,-4.779E-2
53.139,0.111,-4.834E-2
53.156,0.112,-4.866E-2
53.173,0.112,-4.855E-2
53.189,0.112,-4.846E-2
53.206,0.113,-4.788E-2
53.223,0.113,-4.717E-2
53.239,0.113,-4.625E-2
53.256,0.113,-4.529E-2
53.273,0.113,-4.419E-2
53.289,0.113,-4.295E-2
53.306,0.113,-4.170E-2
53.323,0.113,-4.038E-2
53.339,0.113,-3.933E-2
53.356,0.113,-3.846E-2
53.373,0.112,-3.779E-2
53.389,0.112,-3.726E-2
53.406,0.112,-3.709E-2
53.423,0.111,-3.716E-2
53.439,0.111,-3.732E-2
53.456,0.111,-3.773E-2
53.473,0.110,-3.840E-2
53.489,0.110,-3.945E-2
53.506,0.110,-4.036E-2
53.523,0.110,-4.148E-2
53.539,0.109,-4.283E-2
53.556,0.109,-4.400E-2
53.573,0.109,-4.519E-2
53.589,0.109,-4.629E-2
53.606,0.108,-4.724E-2
53.623,0.108,-4.764E-2
53.639,0.108,-4.803E-2
53.656,0.109,-4.841E-2
53.673,0.109,-4.820E-2
53.689,0.109,-4.792E-2
53.706,0.109,-4.714E-2
53.723,0.109,-4.653E-2
53.739,0.109,-4.562E-2
53.756,0.110,-4.437E-2
53.773,0.110,-4.310E-2
53.789,0.111,-4.200E-2
53.806,0.111,-4.069E-2
53.823,0.111,-3.980E-2
53.839,0.112,-3.897E-2
53.856,0.112,-3.832E-2
53.873,0.112,-3.773E-2
53.889,0.112,-3.728E-2
53.906,0.113,-3.739E-2
53.923,0.113,-3.749E-2
53.939,0.113,-3.803E-2
53.956,0.113,-3.872E-2
53.973,0.113,-3.958E-2
53.989,0.113,-4.051E-2
54.006,0.112,-4.200E-2
54.023,0.112,-4.289E-2
54.039,0.112,-4.405E-2
54.056,0.112,-4.512E-2
54.073,0.112,-4.608E-2
54.089,0.111,-4.708E-2
54.106,0.111,-4.762E-2
54.123,0.110,-4.817E-2
54.139,0.110,-4.840E-2
54.156,0.110,-4.823E-2
54.173,0.109,-4.795E-2
54.189,0.109,-4.727E-2
54.206,0.109,-4.643E-2
54.223,0.108,-4.554E-2
54.239,0.109,-4.429E-2
54.256,0.108,-4.316E-2
54.273,0.108,-4.186E-2
54.289,0.108,-4.069E-2
54.306,0.108,-3.966E-2
54.323,0.108,-3.873E-2
54.339,0.109,-3.783E-2
54.356,0.109,-3.736E-2
54.373,0.109,-3.680E-2
54.389,0.109,-3.687E-2
54.406,0.109,-3.687E-2
54.423,0.110,-3.706E-2
54.439,0.110,-3.755E-2
54.456,0.111,-3.847E-2
54.473,0.111,-3.932E-2
54.489,0.111,-4.064E-2
54.506,0.112,-4.193E-2
54.523,0.112,-4.305E-2
54.539,0.112,-4.439E-2
54.556,0.112,-4.554E-2
54.573,0.113,-4.685E-2
54.589,0.113,-4.758E-2
54.606,0.113,-4.838E-2
54.623,0.113,-4.881E-2
54.639,0.113,-4.882E-2
54.656,0.113,-4.886E-2
54.673,0.112,-4.831E-2
54.689,0.112,-4.769E-2
54.706,0.112,-4.682E-2
54.723,0.112,-4.565E-2
54.739,0.111,-4.449E-2
54.756,0.111,-4.315E-2
54.773,0.111,-4.186E-2
54.789,0.111,-4.049E-2
54.806,0.110,-3.936E-2
54.823,0.110,-3.848E-2
54.839,0.109,-3.780E-2
54.856,0.109,-3.737E-2
54.873,0.109,-3.715E-2
54.889,0.109,-3.688E-2
54.906,0.108,-3.705E-2
54.923,0.108,-3.760E-2
54.939,0.108,-3.800E-2
54.956,0.108,-3.868E-2
54.973,0.108,-4.013E-2
54.989,0.108,-4.127E-2
55.006,0.108,-4.241E-2
55.023,0.109,-4.358E-2
55.039,0.109,-4.462E-2
55.056,0.109,-4.575E-2
55.073,0.109,-4.699E-2
55.089,0.110,-4.765E-2
55.106,0.110,-4.804E-2
55.123,0.111,-4.832E-2
55.139,0.111,-4.830E-2
55.156,0.111,-4.805E-2
55.173,0.112,-4.772E-2
55.189,0.112,-4.690E-2
55.206,0.112,-4.631E-2
55.223,0.113,-4.490E-2
55.239,0.113,-4.390E-2
55.256,0.113,-4.274E-2
55.273,0.113,-4.177E-2
55.289,0.113,-4.051E-2
55.306,0.113,-3.953E-2
55.323,0.113,-3.879E-2
55.339,0.113,-3.805E-2
55.356,0.112,-3.781E-2
55.373,0.112,-3.757E-2
55.389,0.112,-3.774E-2
55.406,0.112,-3.803E-2
55.423,0.111,-3.848E-2
55.439,0.111,-3.923E-2
55.456,0.110,-4.010E-2
55.473,0.110,-4.099E-2
55.489,0.110,-4.198E-2
55.506,0.110,-4.302E-2
55.523,0.109,-4.449E-2
55.539,0.109,-4.542E-2
55.556,0.109,-4.614E-2
55.573,0.108,-4.692E-2
55.589,0.108,-4.748E-2
55.606,0.108,-4.798E-2
55.623,0.108,-4.816E-2
55.639,0.108,-4.792E-2
55.656,0.108,-4.743E-2
55.673,0.108,-4.672E-2
55.689,0.109,-4.590E-2
55.706,0.109,-4.492E-2
55.723,0.109,-4.373E-2
55.739,0.110,-4.289E-2
55.756,0.110,-4.159E-2
55.773,0.110,-4.063E-2
55.789,0.110,-3.972E-2
55.806,0.111,-3.875E-2
55.823,0.111,-3.816E-2
55.839,0.111,-3.771E-2
55.856,0.112,-3.759E-2
55.873,0.112,-3.759E-2
55.889,0.112,-3.781E-2
55.906,0.112,-3.848E-2
55.923,0.112,-3.909E-2
55.939,0.113,-3.986E-2
55.956,0.113,-4.084E-2
55.973,0.113,-4.197E-2
55.989,0.113,-4.305E-2
56.006,0.112,-4.426E-2
56.023,0.112,-4.539E-2
56.039,0.112,-4.637E-2
56.056,0.112,-4.712E-2
56.073,0.111,-4.760E-2
56.089,0.111,-4.808E-2
56.106,0.111,-4.820E-2
56.123,0.110,-4.812E-2
56.139,0.110,-4.769E-2
56.156,0.110,-4.690E-2
56.173,0.109,-4.627E-2
56.189,0.109,-4.512E-2
56.206,0.109,-4.396E-2
56.223,0.109,-4.279E-2
56.240,0.109,-4.177E-2
56.256,0.109,-4.051E-2
56.273,0.109,-3.960E-2
56.290,0.109,-3.857E-2
56.306,0.109,-3.782E-2
56.323,0.109,-3.732E-2
56.340,0.109,-3.690E-2
56.356,0.109,-3.694E-2
56.373,0.109,-3.689E-2
56.390,0.109,-3.731E-2
56.406,0.110,-3.775E-2
56.423,0.110,-3.864E-2
56.440,0.110,-3.966E-2
56.456,0.111,-4.069E-2
56.473,0.111,-4.199E-2
56.490,0.111,-4.333E-2
56.506,0.112,-4.445E-2
56.523,0.112,-4.560E-2
56.540,0.112,-4.669E-2
56.556,0.113,-4.753E-2
56.573,0.113,-4.809E-2
56.590,0.113,-4.848E-2
56.606,0.113,-4.859E-2
56.623,0.113,-4.829E-2
56.640,0.113,-4.786E-2
56.656,0.113,-4.752E-2
56.673,0.113,-4.651E-2
56.690,0.113,-4.536E-2
56.706,0.112,-4.414E-2
56.723,0.112,-4.311E-2
56.740,0.112,-4.165E-2
56.756,0.112,-4.059E-2
56.773,0.111,-3.938E-2
56.790,0.111,-3.843E-2
56.806,0.111,-3.779E-2
56.823,0.110,-3.729E-2
56.840,0.110,-3.716E-2
56.856,0.110,-3.681E-2
56.873,0.109,-3.738E-2
56.890,0.109,-3.779E-2
56.906,0.109,-3.829E-2
56.923,0.109,-3.915E-2
56.940,0.109,-4.030E-2
56.956,0.108,-4.172E-2
56.973,0.108,-4.282E-2
56.990,0.108,-4.395E-2
57.006,0.108,-4.519E-2
57.023,0.108,-4.615E-2
57.040,0.109,-4.703E-2
57.056,0.109,-4.775E-2
57.073,0.109,-4.810E-2
57.090,0.110,-4.815E-2
57.106,0.110,-4.806E-2
57.123,0.110,-4.790E-2
57.140,0.111,-4.737E-2
57.156,0.111,-4.666E-2
57.173,0.112,-4.590E-2
57.190,0.112,-4.501E-2
57.206,0.112,-4.380E-2
57.223,0.112,-4.291E-2
57.240,0.113,-4.177E-2
57.256,0.113,-4.085E-2
57.273,0.113,-3.982E-2
57.290,0.113,-3.914E-2
57.306,0.113,-3.848E-2
57.323,0.112,-3.824E-2
57.340,0.112,-3.799E-2
57.356,0.112,-3.819E-2
57.373,0.112,-3.844E-2
57.390,0.112,-3.893E-2
57.406,0.111,-3.959E-2
57.423,0.111,-4.061E-2
57.440,0.111,-4.145E-2
57.456,0.111,-4.233E-2
57.473,0.110,-4.352E-2
57.490,0.110,-4.439E-2
57.506,0.110,-4.546E-2
57.523,0.109,-4.626E-2
57.540,0.109,-4.690E-2
57.556,0.109,-4.734E-2
57.573,0.109,-4.768E-2
57.590,0.108,-4.775E-2
57.606,0.108,-4.747E-2
57.623,0.108,-4.698E-2
57.640,0.108,-4.654E-2
57.656,0.108,-4.563E-2
57.673,0.108,-4.459E-2
57.690,0.109,-4.376E-2
57.706,0.109,-4.270E-2
57.723,0.109,-4.141E-2
57.740,0.109,-4.047E-2
57.756,0.110,-3.970E-2
57.773,0.110,-3.899E-2
57.790,0.110,-3.854E-2
57.806,0.111,-3.806E-2
57.823,0.111,-3.781E-2
57.840,0.111,-3.800E-2
57.856,0.112,-3.830E-2
57.873,0.112,-3.864E-2
57.890,0.112,-3.944E-2
57.906,0.112,-4.020E-2
57.923,0.113,-4.119E-2
57.940,0.113,-4.218E-2
57.956,0.113,-4.350E-2
57.973,0.113,-4.438E-2
57.990,0.113,-4.552E-2
58.006,0.113,-4.630E-2
58.023,0.112,-4.729E-2
58.040,0.112,-4.769E-2
58.056,0.112,-4.817E-2
58.073,0.112,-4.812E-2
58.090,0.111,-4.791E-2
58.106,0.111,-4.738E-2
58.123,0.110,-4.701E-2
58.140,0.110,-4.613E-2
58.156,0.110,-4.519E-2
58.173,0.109,-4.398E-2
58.190,0.109,-4.312E-2
58.206,0.109,-4.191E-2
58.223,0.109,-4.082E-2
58.240,0.108,-3.989E-2
58.256,0.108,-3.887E-2
58.273,0.108,-3.825E-2
58.290,0.108,-3.756E-2
58.306,0.108,-3.753E-2
58.323,0.108,-3.732E-2
58.340,0.108,-3.753E-2
58.356,0.108,-3.805E-2
58.373,0.109,-3.843E-2
58.390,0.109,-3.915E-2
58.406,0.109,-4.010E-2
58.423,0.110,-4.125E-2
58.440,0.110,-4.233E-2
58.456,0.111,-4.348E-2
58.473,0.111,-4.446E-2
58.490,0.111,-4.558E-2
58.506,0.112,-4.652E-2
58.523,0.112,-4.717E-2
58.540,0.113,-4.775E-2
58.556,0.113,-4.787E-2
58.573,0.113,-4.792E-2
58.590,0.113,-4.788E-2
58.606,0.113,-4.750E-2
58.623,0.113,-4.686E-2
58.640,0.113,-4.600E-2
58.656,0.113,-4.514E-2
58.673,0.113,-4.407E-2
58.690,0.113,-4.290E-2
58.706,0.112,-4.177E-2
58.723,0.112,-4.051E-2
58.740,0.112,-3.964E-2
58.756,0.111,-3.870E-2
58.773,0.111,-3.795E-2
58.790,0.111,-3.753E-2
58.806,0.110,-3.758E-2
58.823,0.110,-3.759E-2
58.840,0.110,-3.781E-2
58.856,0.109,-3.820E-2
58.873,0.109,-3.899E-2
58.890,0.109,-3.939E-2
58.906,0.109,-4.055E-2
58.923,0.109,-4.145E-2
58.940,0.109,-4.264E-2
58.956,0.109,-4.337E-2
58.973,0.109,-4.440E-2
58.990,0.109,-4.543E-2
59.006,0.109,-4.613E-2
59.023,0.109,-4.647E-2
59.040,0.109,-4.728E-2
59.056,0.109,-4.745E-2
59.073,0.110,-4.745E-2
59.090,0.110,-4.727E-2
59.106,0.110,-4.663E-2
59.123,0.111,-4.611E-2
59.140,0.111,-4.541E-2
59.156,0.111,-4.439E-2
59.173,0.111,-4.343E-2
59.190,0.112,-4.251E-2
59.206,0.112,-4.160E-2
59.223,0.112,-4.064E-2
59.240,0.112,-3.982E-2
59.257,0.113,-3.913E-2
59.273,0.113,-3.874E-2
59.290,0.113,-3.840E-2
59.307,0.113,-3.832E-2
59.323,0.113,-3.843E-2
59.340,0.113,-3.877E-2
59.357,0.112,-3.915E-2
59.373,0.112,-3.988E-2
59.390,0.112,-4.069E-2
59.407,0.112,-4.177E-2
59.423,0.111,-4.270E-2
59.440,0.111,-4.353E-2
59.457,0.111,-4.438E-2
59.473,0.110,-4.538E-2
59.490,0.110,-4.602E-2
59.507,0.110,-4.672E-2
59.523,0.109,-4.725E-2
59.540,0.109,-4.717E-2
59.557,0.109,-4.714E-2
59.573,0.109,-4.707E-2
59.590,0.109,-4.653E-2
59.607,0.108,-4.579E-2
59.623,0.108,-4.522E-2
59.640,0.108,-4.427E-2
59.657,0.108,-4.335E-2
59.673,0.108,-4.233E-2
59.690,0.109,-4.126E-2
59.707,0.109,-4.027E-2
59.723,0.109,-3.971E-2
59.740,0.110,-3.864E-2
59.757,0.110,-3.824E-2
59.773,0.110,-3.801E-2
59.790,0.111,-3.782E-2
59.807,0.111,-3.805E-2
59.823,0.111,-3.827E-2
59.840,0.111,-3.885E-2
59.857,0.112,-3.947E-2
59.873,0.112,-4.057E-2
59.890,0.112,-4.153E-2
59.907,0.113,-4.235E-2
59.923,0.113,-4.360E-2
59.940,0.113,-4.475E-2
59.957,0.113,-4.551E-2
59.973,0.113,-4.656E-2
59.990,0.113,-4.721E-2
60.007,0.113,-4.771E-2
60.023,0.112,-4.780E-2
60.040,0.112,-4.784E-2
60.057,0.112,-4.768E-2
60.073,0.112,-4.721E-2
60.090,0.111,-4.648E-2
60.107,0.111,-4.579E-2
60.123,0.111,-4.461E-2
60.140,0.110,-4.385E-2
60.157,0.110,-4.291E-2
60.173,0.109,-4.191E-2
60.190,0.109,-4.080E-2
60.207,0.109,-3.986E-2
60.223,0.109,-3.918E-2
60.240,0.108,-3.842E-2
60.257,0.108,-3.805E-2
60.273,0.109,-3.756E-2
60.290,0.108,-3.774E-2
60.307,0.108,-3.774E-2
60.323,0.109,-3.825E-2
60.340,0.109,-3.870E-2
60.357,0.109,-3.964E-2
60.373,0.109,-4.028E-2
60.390,0.109,-4.149E-2
60.407,0.110,-4.268E-2
60.423,0.110,-4.382E-2
60.440,0.110,-4.472E-2
60.457,0.110,-4.580E-2
60.473,0.111,-4.651E-2
60.490,0.111,-4.696E-2
60.507,0.112,-4.737E-2
60.523,0.112,-4.791E-2
60.540,0.113,-4.776E-2
60.557,0.113,-4.771E-2
60.573,0.113,-4.721E-2
60.590,0.113,-4.650E-2
60.607,0.113,-4.579E-2
60.623,0.113,-4.500E-2
60.640,0.113,-4.379E-2
60.657,0.113,-4.285E-2
60.673,0.113,-4.164E-2
60.690,0.113,-4.084E-2
60.707,0.112,-3.985E-2
60.723,0.112,-3.923E-2
60.740,0.111,-3.868E-2
60.757,0.111,-3.820E-2
