,mass A,,
t,x,y,
0.000,0.117,-1.736E-2
0.017,0.118,-1.710E-2
0.033,0.118,-1.817E-2
0.050,0.118,-2.014E-2
0.067,0.118,-2.319E-2
0.083,0.118,-2.726E-2
0.100,0.118,-3.226E-2
0.117,0.119,-3.737E-2
0.133,0.119,-4.330E-2
0.150,0.119,-4.924E-2
0.167,0.119,-5.482E-2
0.183,0.119,-6.003E-2
0.200,0.119,-6.449E-2
0.217,0.119,-6.812E-2
0.233,0.119,-7.062E-2
0.250,0.119,-7.172E-2
0.267,0.119,-7.143E-2
0.283,0.119,-6.962E-2
0.300,0.119,-6.676E-2
0.317,0.119,-6.285E-2
0.333,0.118,-5.812E-2
0.350,0.118,-5.266E-2
0.367,0.118,-4.698E-2
0.383,0.118,-4.120E-2
0.400,0.118,-3.562E-2
0.417,0.118,-3.050E-2
0.433,0.118,-2.632E-2
0.450,0.118,-2.256E-2
0.467,0.118,-2.005E-2
0.483,0.117,-1.810E-2
0.500,0.117,-1.758E-2
0.517,0.117,-1.772E-2
0.533,0.117,-1.918E-2
0.550,0.117,-2.132E-2
0.567,0.117,-2.422E-2
0.583,0.117,-2.881E-2
0.600,0.117,-3.361E-2
0.617,0.117,-3.904E-2
0.633,0.117,-4.467E-2
0.650,0.117,-5.042E-2
0.667,0.117,-5.589E-2
0.683,0.117,-6.087E-2
0.700,0.117,-6.510E-2
0.717,0.118,-6.839E-2
0.733,0.118,-7.051E-2
0.750,0.118,-7.134E-2
0.767,0.118,-7.057E-2
0.783,0.118,-6.851E-2
0.800,0.118,-6.545E-2
0.817,0.119,-6.139E-2
0.833,0.119,-5.663E-2
0.850,0.119,-5.120E-2
0.867,0.119,-4.554E-2
0.883,0.119,-3.985E-2
0.900,0.119,-3.447E-2
0.917,0.119,-2.959E-2
0.933,0.119,-2.537E-2
0.950,0.119,-2.191E-2
0.967,0.119,-1.982E-2
0.983,0.119,-1.858E-2
1.000,0.119,-1.827E-2
1.017,0.119,-1.865E-2
1.033,0.119,-2.040E-2
1.050,0.119,-2.301E-2
1.067,0.119,-2.669E-2
1.083,0.118,-3.094E-2
1.100,0.118,-3.607E-2
1.117,0.118,-4.159E-2
1.133,0.118,-4.697E-2
1.150,0.118,-5.272E-2
1.167,0.117,-5.795E-2
1.183,0.117,-6.245E-2
1.200,0.117,-6.601E-2
1.217,0.117,-6.863E-2
1.233,0.117,-7.017E-2
1.250,0.117,-7.013E-2
1.267,0.117,-6.867E-2
1.283,0.117,-6.631E-2
1.300,0.117,-6.282E-2
1.317,0.117,-5.843E-2
1.333,0.117,-5.338E-2
1.350,0.117,-4.816E-2
1.367,0.118,-4.257E-2
1.383,0.118,-3.756E-2
1.400,0.118,-3.250E-2
1.417,0.118,-2.812E-2
1.433,0.118,-2.463E-2
1.450,0.118,-2.178E-2
1.467,0.118,-2.017E-2
1.483,0.119,-1.925E-2
1.500,0.119,-1.944E-2
1.517,0.119,-2.053E-2
1.534,0.119,-2.265E-2
1.550,0.119,-2.572E-2
1.567,0.119,-2.984E-2
1.584,0.119,-3.452E-2
1.600,0.119,-3.969E-2
1.617,0.119,-4.508E-2
1.634,0.119,-5.069E-2
1.650,0.119,-5.583E-2
1.667,0.119,-6.050E-2
1.684,0.119,-6.461E-2
1.700,0.119,-6.769E-2
1.717,0.119,-6.954E-2
1.734,0.118,-7.015E-2
1.750,0.118,-6.938E-2
1.767,0.118,-6.751E-2
1.784,0.117,-6.443E-2
1.800,0.117,-6.044E-2
1.817,0.117,-5.579E-2
1.834,0.117,-5.055E-2
1.850,0.117,-4.508E-2
1.867,0.117,-3.978E-2
1.884,0.117,-3.450E-2
1.900,0.117,-2.977E-2
1.917,0.117,-2.575E-2
1.934,0.117,-2.249E-2
1.950,0.117,-2.028E-2
1.967,0.117,-1.905E-2
1.984,0.117,-1.883E-2
2.000,0.117,-1.939E-2
2.017,0.117,-2.079E-2
2.034,0.118,-2.346E-2
2.050,0.118,-2.672E-2
2.067,0.118,-3.138E-2
2.084,0.118,-3.618E-2
2.100,0.118,-4.182E-2
2.117,0.118,-4.731E-2
2.134,0.118,-5.278E-2
2.150,0.118,-5.806E-2
2.167,0.118,-6.271E-2
2.184,0.119,-6.643E-2
2.200,0.119,-6.918E-2
2.217,0.119,-7.068E-2
2.234,0.119,-7.082E-2
2.250,0.119,-6.943E-2
2.267,0.119,-6.696E-2
2.284,0.119,-6.341E-2
2.300,0.119,-5.909E-2
2.317,0.119,-5.415E-2
2.334,0.119,-4.875E-2
2.350,0.119,-4.323E-2
2.367,0.119,-3.774E-2
2.384,0.119,-3.260E-2
2.400,0.119,-2.825E-2
2.417,0.118,-2.440E-2
2.434,0.118,-2.161E-2
2.450,0.118,-1.949E-2
2.467,0.118,-1.872E-2
2.484,0.118,-1.857E-2
2.500,0.118,-1.943E-2
2.517,0.118,-2.153E-2
2.534,0.118,-2.408E-2
2.550,0.118,-2.769E-2
2.567,0.118,-3.246E-2
2.584,0.117,-3.734E-2
2.600,0.117,-4.265E-2
2.617,0.117,-4.833E-2
2.634,0.117,-5.372E-2
2.650,0.117,-5.862E-2
2.667,0.117,-6.285E-2
2.684,0.117,-6.629E-2
2.700,0.117,-6.865E-2
2.717,0.118,-6.986E-2
2.734,0.118,-6.972E-2
2.750,0.118,-6.813E-2
2.767,0.118,-6.551E-2
2.784,0.118,-6.181E-2
2.800,0.118,-5.735E-2
2.817,0.118,-5.237E-2
2.834,0.119,-4.712E-2
2.850,0.119,-4.182E-2
2.867,0.119,-3.663E-2
2.884,0.119,-3.191E-2
2.900,0.119,-2.766E-2
2.917,0.119,-2.430E-2
2.934,0.119,-2.175E-2
2.950,0.119,-2.017E-2
2.967,0.119,-1.967E-2
2.984,0.119,-1.995E-2
3.000,0.119,-2.114E-2
3.017,0.119,-2.345E-2
3.034,0.119,-2.644E-2
3.050,0.119,-3.031E-2
3.067,0.119,-3.527E-2
3.084,0.119,-4.007E-2
3.100,0.118,-4.545E-2
3.117,0.118,-5.084E-2
3.134,0.118,-5.594E-2
3.150,0.118,-6.047E-2
3.167,0.118,-6.417E-2
3.184,0.118,-6.692E-2
3.200,0.117,-6.860E-2
3.217,0.117,-6.899E-2
3.234,0.117,-6.807E-2
3.250,0.117,-6.608E-2
3.267,0.117,-6.285E-2
3.284,0.117,-5.897E-2
3.300,0.117,-5.440E-2
3.317,0.117,-4.939E-2
3.334,0.117,-4.431E-2
3.350,0.117,-3.900E-2
3.367,0.118,-3.431E-2
3.384,0.118,-2.984E-2
3.400,0.118,-2.623E-2
3.417,0.118,-2.349E-2
3.434,0.118,-2.143E-2
3.450,0.118,-2.033E-2
3.467,0.118,-2.019E-2
3.484,0.118,-2.100E-2
3.500,0.118,-2.258E-2
3.517,0.119,-2.525E-2
3.534,0.119,-2.904E-2
3.550,0.119,-3.336E-2
3.567,0.119,-3.824E-2
3.584,0.119,-4.341E-2
3.600,0.119,-4.867E-2
3.617,0.119,-5.372E-2
3.634,0.119,-5.860E-2
3.650,0.119,-6.264E-2
3.667,0.119,-6.589E-2
3.684,0.119,-6.801E-2
3.700,0.119,-6.899E-2
3.717,0.119,-6.866E-2
3.734,0.119,-6.713E-2
3.750,0.118,-6.453E-2
3.767,0.118,-6.099E-2
3.784,0.118,-5.672E-2
3.800,0.118,-5.170E-2
3.817,0.118,-4.659E-2
3.834,0.118,-4.136E-2
3.850,0.118,-3.632E-2
3.867,0.118,-3.178E-2
3.884,0.118,-2.770E-2
3.900,0.117,-2.444E-2
3.917,0.117,-2.176E-2
3.934,0.117,-2.018E-2
3.950,0.117,-1.952E-2
3.967,0.117,-1.980E-2
3.984,0.117,-2.090E-2
4.000,0.117,-2.304E-2
4.017,0.118,-2.609E-2
4.034,0.118,-3.001E-2
4.050,0.118,-3.470E-2
4.067,0.118,-3.991E-2
4.084,0.118,-4.510E-2
4.100,0.118,-5.052E-2
4.117,0.118,-5.570E-2
4.134,0.118,-6.021E-2
4.150,0.118,-6.411E-2
4.167,0.118,-6.721E-2
4.184,0.118,-6.919E-2
4.200,0.119,-6.980E-2
4.217,0.119,-6.907E-2
4.234,0.119,-6.711E-2
4.250,0.119,-6.395E-2
4.267,0.119,-6.002E-2
4.284,0.119,-5.546E-2
4.300,0.119,-5.036E-2
4.317,0.119,-4.511E-2
4.334,0.119,-3.999E-2
4.350,0.119,-3.484E-2
4.367,0.119,-3.032E-2
4.384,0.119,-2.669E-2
4.400,0.118,-2.360E-2
4.417,0.118,-2.134E-2
4.434,0.118,-2.019E-2
4.450,0.118,-1.979E-2
4.467,0.118,-2.047E-2
4.484,0.118,-2.185E-2
4.500,0.118,-2.413E-2
4.517,0.118,-2.754E-2
4.534,0.118,-3.144E-2
4.551,0.118,-3.615E-2
4.567,0.118,-4.103E-2
4.584,0.118,-4.643E-2
4.601,0.117,-5.138E-2
4.617,0.117,-5.634E-2
4.634,0.117,-6.075E-2
4.651,0.117,-6.411E-2
4.667,0.117,-6.667E-2
4.684,0.118,-6.821E-2
4.701,0.118,-6.845E-2
4.717,0.118,-6.737E-2
4.734,0.118,-6.509E-2
4.751,0.118,-6.187E-2
4.767,0.118,-5.788E-2
4.784,0.118,-5.341E-2
4.801,0.118,-4.853E-2
4.817,0.118,-4.345E-2
4.834,0.119,-3.855E-2
4.851,0.119,-3.368E-2
4.867,0.119,-2.955E-2
4.884,0.119,-2.624E-2
4.901,0.119,-2.339E-2
4.917,0.119,-2.162E-2
4.934,0.119,-2.082E-2
4.951,0.119,-2.079E-2
4.967,0.119,-2.173E-2
4.984,0.119,-2.358E-2
5.001,0.119,-2.630E-2
5.017,0.119,-2.984E-2
5.034,0.119,-3.417E-2
5.051,0.119,-3.881E-2
5.067,0.119,-4.395E-2
5.084,0.119,-4.881E-2
5.101,0.118,-5.364E-2
5.117,0.118,-5.834E-2
5.134,0.118,-6.222E-2
5.151,0.118,-6.512E-2
5.167,0.118,-6.698E-2
5.184,0.118,-6.774E-2
5.201,0.118,-6.723E-2
5.217,0.118,-6.560E-2
5.234,0.117,-6.286E-2
5.251,0.117,-5.940E-2
5.267,0.117,-5.504E-2
5.284,0.117,-5.025E-2
5.301,0.118,-4.531E-2
5.317,0.118,-4.045E-2
5.334,0.118,-3.580E-2
5.351,0.118,-3.125E-2
5.367,0.118,-2.762E-2
5.384,0.118,-2.476E-2
5.401,0.118,-2.264E-2
5.417,0.118,-2.155E-2
5.434,0.118,-2.110E-2
5.451,0.118,-2.157E-2
5.467,0.118,-2.299E-2
5.484,0.118,-2.527E-2
5.501,0.118,-2.859E-2
5.517,0.118,-3.237E-2
5.534,0.118,-3.698E-2
5.551,0.119,-4.203E-2
5.567,0.119,-4.702E-2
5.584,0.119,-5.211E-2
5.601,0.118,-5.656E-2
5.617,0.119,-6.077E-2
5.634,0.119,-6.418E-2
5.651,0.119,-6.662E-2
5.667,0.119,-6.787E-2
5.684,0.119,-6.797E-2
5.701,0.118,-6.695E-2
5.717,0.118,-6.471E-2
5.734,0.118,-6.151E-2
5.751,0.118,-5.755E-2
5.767,0.118,-5.305E-2
5.784,0.118,-4.805E-2
5.801,0.118,-4.307E-2
5.817,0.118,-3.819E-2
5.834,0.118,-3.348E-2
5.851,0.118,-2.935E-2
5.867,0.118,-2.581E-2
5.884,0.118,-2.310E-2
5.901,0.118,-2.159E-2
5.917,0.118,-2.071E-2
5.934,0.118,-2.054E-2
5.951,0.118,-2.125E-2
5.967,0.118,-2.290E-2
5.984,0.118,-2.572E-2
6.001,0.118,-2.912E-2
6.017,0.118,-3.322E-2
6.034,0.118,-3.810E-2
6.051,0.118,-4.303E-2
6.067,0.118,-4.816E-2
6.084,0.118,-5.324E-2
6.101,0.118,-5.785E-2
6.117,0.118,-6.188E-2
6.134,0.118,-6.524E-2
6.151,0.118,-6.741E-2
6.167,0.118,-6.850E-2
6.184,0.118,-6.825E-2
6.201,0.118,-6.674E-2
6.217,0.118,-6.422E-2
6.234,0.118,-6.071E-2
6.251,0.118,-5.655E-2
6.267,0.119,-5.209E-2
6.284,0.119,-4.704E-2
6.301,0.119,-4.195E-2
6.317,0.119,-3.701E-2
6.334,0.119,-3.265E-2
6.351,0.119,-2.861E-2
6.367,0.119,-2.545E-2
6.384,0.119,-2.298E-2
6.401,0.119,-2.139E-2
6.417,0.119,-2.102E-2
6.434,0.118,-2.120E-2
6.451,0.118,-2.220E-2
6.467,0.118,-2.411E-2
6.484,0.118,-2.718E-2
6.501,0.118,-3.064E-2
6.517,0.118,-3.479E-2
6.534,0.118,-3.963E-2
6.551,0.118,-4.433E-2
6.567,0.118,-4.917E-2
6.584,0.118,-5.408E-2
6.601,0.117,-5.848E-2
6.617,0.118,-6.201E-2
6.634,0.118,-6.473E-2
6.651,0.118,-6.651E-2
6.667,0.118,-6.709E-2
6.684,0.118,-6.639E-2
6.701,0.117,-6.457E-2
6.717,0.118,-6.180E-2
6.734,0.118,-5.832E-2
6.751,0.118,-5.407E-2
6.767,0.118,-4.962E-2
6.784,0.118,-4.488E-2
6.801,0.118,-4.022E-2
6.817,0.118,-3.545E-2
6.834,0.118,-3.138E-2
6.851,0.118,-2.797E-2
6.867,0.118,-2.505E-2
6.884,0.118,-2.310E-2
6.901,0.119,-2.220E-2
6.917,0.119,-2.184E-2
6.934,0.119,-2.241E-2
6.951,0.119,-2.399E-2
6.967,0.119,-2.635E-2
6.984,0.119,-2.951E-2
7.001,0.119,-3.329E-2
7.017,0.119,-3.763E-2
7.034,0.119,-4.227E-2
7.051,0.119,-4.726E-2
7.067,0.118,-5.182E-2
7.084,0.118,-5.621E-2
7.101,0.118,-6.021E-2
7.117,0.118,-6.329E-2
7.134,0.118,-6.542E-2
7.151,0.118,-6.652E-2
7.167,0.118,-6.641E-2
7.184,0.118,-6.514E-2
7.201,0.118,-6.287E-2
7.217,0.117,-5.970E-2
7.234,0.117,-5.588E-2
7.251,0.118,-5.158E-2
7.267,0.117,-4.690E-2
7.284,0.118,-4.223E-2
7.301,0.118,-3.772E-2
7.317,0.118,-3.333E-2
7.334,0.118,-2.957E-2
7.351,0.118,-2.649E-2
7.367,0.118,-2.427E-2
7.384,0.118,-2.283E-2
7.401,0.118,-2.229E-2
7.417,0.118,-2.234E-2
7.434,0.118,-2.340E-2
7.451,0.118,-2.539E-2
7.467,0.118,-2.796E-2
7.484,0.118,-3.158E-2
7.501,0.118,-3.584E-2
7.517,0.118,-4.045E-2
7.534,0.118,-4.533E-2
7.551,0.118,-5.017E-2
7.568,0.118,-5.466E-2
7.584,0.118,-5.892E-2
7.601,0.118,-6.240E-2
7.618,0.118,-6.513E-2
7.634,0.118,-6.666E-2
7.651,0.118,-6.729E-2
7.668,0.118,-6.651E-2
7.684,0.118,-6.479E-2
7.701,0.118,-6.200E-2
7.718,0.118,-5.836E-2
7.734,0.118,-5.433E-2
7.751,0.118,-4.971E-2
7.768,0.118,-4.498E-2
7.784,0.118,-4.035E-2
7.801,0.118,-3.576E-2
7.818,0.118,-3.160E-2
7.834,0.118,-2.799E-2
7.851,0.118,-2.515E-2
7.868,0.118,-2.301E-2
7.884,0.118,-2.201E-2
7.901,0.118,-2.163E-2
7.918,0.118,-2.197E-2
7.934,0.118,-2.327E-2
7.951,0.118,-2.537E-2
7.968,0.118,-2.852E-2
7.984,0.118,-3.223E-2
8.001,0.118,-3.659E-2
8.018,0.118,-4.120E-2
8.034,0.118,-4.598E-2
8.051,0.118,-5.073E-2
8.068,0.118,-5.531E-2
8.084,0.118,-5.947E-2
8.101,0.118,-6.274E-2
8.118,0.118,-6.529E-2
8.134,0.118,-6.673E-2
8.151,0.118,-6.699E-2
8.168,0.118,-6.608E-2
8.184,0.118,-6.392E-2
8.201,0.118,-6.102E-2
8.218,0.118,-5.732E-2
8.234,0.118,-5.293E-2
8.251,0.118,-4.847E-2
8.268,0.118,-4.375E-2
8.284,0.119,-3.913E-2
8.301,0.119,-3.466E-2
8.318,0.119,-3.081E-2
8.334,0.119,-2.738E-2
8.351,0.118,-2.481E-2
8.368,0.118,-2.317E-2
8.384,0.118,-2.225E-2
8.401,0.118,-2.214E-2
8.418,0.118,-2.295E-2
8.434,0.118,-2.455E-2
8.451,0.118,-2.690E-2
8.468,0.118,-3.010E-2
8.484,0.118,-3.417E-2
8.501,0.118,-3.845E-2
8.518,0.118,-4.281E-2
8.534,0.118,-4.774E-2
8.551,0.118,-5.216E-2
8.568,0.118,-5.640E-2
8.584,0.118,-6.001E-2
8.601,0.118,-6.296E-2
8.618,0.118,-6.489E-2
8.634,0.118,-6.580E-2
8.651,0.118,-6.550E-2
8.668,0.118,-6.413E-2
8.684,0.118,-6.179E-2
8.701,0.118,-5.863E-2
8.718,0.118,-5.487E-2
8.734,0.118,-5.070E-2
8.751,0.118,-4.628E-2
8.768,0.118,-4.169E-2
8.784,0.118,-3.744E-2
8.801,0.118,-3.327E-2
8.818,0.118,-2.958E-2
8.834,0.118,-2.684E-2
8.851,0.118,-2.474E-2
8.868,0.118,-2.355E-2
8.884,0.118,-2.313E-2
8.901,0.118,-2.333E-2
8.918,0.118,-2.461E-2
8.934,0.118,-2.648E-2
8.951,0.118,-2.921E-2
8.968,0.118,-3.277E-2
8.984,0.118,-3.681E-2
9.001,0.118,-4.117E-2
9.018,0.118,-4.570E-2
9.034,0.118,-5.022E-2
9.051,0.118,-5.456E-2
9.068,0.118,-5.841E-2
9.084,0.118,-6.157E-2
9.101,0.118,-6.383E-2
9.118,0.118,-6.527E-2
9.134,0.118,-6.559E-2
9.151,0.118,-6.477E-2
9.168,0.118,-6.297E-2
9.184,0.118,-6.023E-2
9.201,0.118,-5.662E-2
9.218,0.118,-5.251E-2
9.234,0.118,-4.822E-2
9.251,0.118,-4.371E-2
9.268,0.118,-3.934E-2
9.284,0.118,-3.510E-2
9.301,0.118,-3.136E-2
9.318,0.118,-2.816E-2
9.334,0.118,-2.569E-2
9.351,0.118,-2.407E-2
9.368,0.118,-2.323E-2
9.384,0.118,-2.306E-2
9.401,0.118,-2.389E-2
9.418,0.118,-2.541E-2
9.434,0.118,-2.781E-2
9.451,0.118,-3.097E-2
9.468,0.118,-3.481E-2
9.484,0.118,-3.912E-2
9.501,0.118,-4.368E-2
9.518,0.118,-4.837E-2
9.534,0.118,-5.291E-2
9.551,0.118,-5.692E-2
9.568,0.118,-6.045E-2
9.584,0.118,-6.336E-2
9.601,0.118,-6.528E-2
9.618,0.118,-6.630E-2
9.634,0.118,-6.600E-2
9.651,0.118,-6.462E-2
9.668,0.118,-6.227E-2
9.684,0.118,-5.905E-2
9.701,0.118,-5.517E-2
9.718,0.118,-5.090E-2
9.734,0.118,-4.644E-2
9.751,0.118,-4.191E-2
9.768,0.118,-3.763E-2
9.784,0.118,-3.348E-2
9.801,0.118,-2.989E-2
9.818,0.118,-2.695E-2
9.834,0.118,-2.479E-2
9.851,0.118,-2.325E-2
9.868,0.118,-2.260E-2
9.884,0.118,-2.285E-2
9.901,0.118,-2.389E-2
9.918,0.118,-2.562E-2
9.934,0.118,-2.798E-2
9.951,0.118,-3.130E-2
9.968,0.118,-3.523E-2
9.984,0.118,-3.952E-2
10.001,0.118,-4.407E-2
10.018,0.118,-4.867E-2
10.034,0.118,-5.308E-2
10.051,0.118,-5.715E-2
10.068,0.118,-6.061E-2
10.084,0.118,-6.335E-2
10.101,0.118,-6.505E-2
10.118,0.118,-6.569E-2
10.134,0.118,-6.530E-2
10.151,0.118,-6.368E-2
10.168,0.118,-6.120E-2
10.184,0.118,-5.793E-2
10.201,0.118,-5.405E-2
10.218,0.118,-4.981E-2
10.234,0.118,-4.544E-2
10.251,0.118,-4.105E-2
10.268,0.118,-3.676E-2
10.284,0.118,-3.291E-2
10.301,0.118,-2.953E-2
10.318,0.118,-2.691E-2
10.334,0.118,-2.504E-2
10.351,0.118,-2.391E-2
10.368,0.118,-2.367E-2
10.384,0.118,-2.404E-2
10.401,0.118,-2.536E-2
10.418,0.118,-2.733E-2
10.434,0.118,-3.011E-2
10.451,0.118,-3.362E-2
10.468,0.118,-3.753E-2
10.484,0.118,-4.179E-2
10.501,0.118,-4.620E-2
10.518,0.118,-5.053E-2
10.534,0.118,-5.481E-2
10.551,0.118,-5.853E-2
10.568,0.118,-6.134E-2
10.585,0.118,-6.341E-2
10.601,0.118,-6.460E-2
10.618,0.118,-6.480E-2
10.635,0.118,-6.382E-2
10.651,0.118,-6.191E-2
10.668,0.118,-5.907E-2
10.685,0.118,-5.561E-2
10.701,0.118,-5.183E-2
10.718,0.118,-4.768E-2
10.735,0.118,-4.350E-2
10.751,0.118,-3.909E-2
10.768,0.118,-3.522E-2
10.785,0.118,-3.156E-2
10.801,0.118,-2.860E-2
10.818,0.118,-2.639E-2
10.835,0.118,-2.487E-2
10.851,0.118,-2.427E-2
10.868,0.118,-2.433E-2
10.885,0.118,-2.523E-2
10.901,0.118,-2.689E-2
10.918,0.118,-2.932E-2
10.935,0.118,-3.246E-2
10.951,0.118,-3.625E-2
10.968,0.118,-4.023E-2
10.985,0.118,-4.455E-2
11.001,0.118,-4.883E-2
11.018,0.118,-5.303E-2
11.035,0.118,-5.673E-2
11.051,0.118,-5.981E-2
11.068,0.118,-6.238E-2
11.085,0.118,-6.402E-2
11.101,0.118,-6.461E-2
11.118,0.118,-6.418E-2
11.135,0.118,-6.269E-2
11.151,0.118,-6.027E-2
11.168,0.118,-5.714E-2
11.185,0.118,-5.340E-2
11.201,0.118,-4.950E-2
11.218,0.118,-4.526E-2
11.235,0.118,-4.084E-2
11.251,0.118,-3.674E-2
11.268,0.118,-3.288E-2
11.285,0.118,-2.965E-2
11.301,0.118,-2.710E-2
11.318,0.118,-2.514E-2
11.335,0.118,-2.406E-2
11.351,0.118,-2.381E-2
11.368,0.118,-2.418E-2
11.385,0.118,-2.533E-2
11.401,0.118,-2.744E-2
11.418,0.118,-3.009E-2
11.435,0.118,-3.353E-2
11.451,0.118,-3.750E-2
11.468,0.118,-4.184E-2
11.485,0.118,-4.634E-2
11.501,0.118,-5.071E-2
11.518,0.118,-5.480E-2
11.535,0.118,-5.831E-2
11.551,0.118,-6.142E-2
11.568,0.118,-6.368E-2
11.585,0.118,-6.488E-2
11.601,0.118,-6.501E-2
11.618,0.118,-6.407E-2
11.635,0.118,-6.220E-2
11.651,0.118,-5.936E-2
11.668,0.118,-5.593E-2
11.685,0.118,-5.193E-2
11.701,0.118,-4.765E-2
11.718,0.118,-4.344E-2
11.735,0.118,-3.921E-2
11.751,0.118,-3.526E-2
11.768,0.118,-3.164E-2
11.785,0.118,-2.859E-2
11.801,0.118,-2.624E-2
11.818,0.118,-2.470E-2
11.835,0.118,-2.382E-2
11.851,0.118,-2.381E-2
11.868,0.118,-2.456E-2
11.885,0.118,-2.605E-2
11.901,0.118,-2.824E-2
11.918,0.118,-3.110E-2
11.935,0.118,-3.464E-2
11.951,0.118,-3.861E-2
11.968,0.118,-4.274E-2
11.985,0.118,-4.709E-2
12.001,0.118,-5.132E-2
12.018,0.118,-5.527E-2
12.035,0.118,-5.874E-2
12.051,0.118,-6.154E-2
12.068,0.118,-6.346E-2
12.085,0.118,-6.441E-2
12.101,0.118,-6.430E-2
12.118,0.118,-6.317E-2
12.135,0.118,-6.104E-2
12.151,0.118,-5.817E-2
12.168,0.118,-5.473E-2
12.185,0.118,-5.082E-2
12.201,0.118,-4.678E-2
12.218,0.118,-4.253E-2
12.235,0.118,-3.829E-2
12.251,0.118,-3.448E-2
12.268,0.118,-3.119E-2
12.285,0.118,-2.838E-2
12.301,0.118,-2.632E-2
12.318,0.118,-2.498E-2
12.335,0.118,-2.452E-2
12.351,0.118,-2.473E-2
12.368,0.118,-2.562E-2
12.385,0.118,-2.730E-2
12.401,0.118,-2.967E-2
12.418,0.118,-3.269E-2
12.435,0.118,-3.639E-2
12.451,0.118,-4.024E-2
12.468,0.118,-4.447E-2
12.485,0.118,-4.877E-2
12.501,0.118,-5.266E-2
12.518,0.118,-5.643E-2
12.535,0.118,-5.948E-2
12.551,0.118,-6.172E-2
12.568,0.118,-6.312E-2
12.585,0.118,-6.365E-2
12.601,0.118,-6.308E-2
12.618,0.118,-6.152E-2
12.635,0.118,-5.913E-2
12.651,0.118,-5.602E-2
12.668,0.118,-5.226E-2
12.685,0.118,-4.855E-2
12.701,0.118,-4.439E-2
12.718,0.118,-4.035E-2
12.735,0.118,-3.659E-2
12.751,0.118,-3.315E-2
12.768,0.118,-3.005E-2
12.785,0.118,-2.788E-2
12.801,0.118,-2.625E-2
12.818,0.118,-2.537E-2
12.835,0.118,-2.518E-2
12.851,0.118,-2.571E-2
12.868,0.118,-2.708E-2
12.885,0.118,-2.913E-2
12.901,0.118,-3.211E-2
12.918,0.118,-3.526E-2
12.935,0.118,-3.912E-2
12.951,0.118,-4.305E-2
12.968,0.118,-4.712E-2
12.985,0.118,-5.112E-2
13.001,0.118,-5.491E-2
13.018,0.118,-5.816E-2
13.035,0.118,-6.074E-2
13.051,0.118,-6.250E-2
13.068,0.118,-6.337E-2
13.085,0.118,-6.331E-2
13.101,0.118,-6.215E-2
13.118,0.118,-6.031E-2
13.135,0.117,-5.740E-2
13.151,0.117,-5.398E-2
13.168,0.118,-5.034E-2
13.185,0.118,-4.617E-2
13.201,0.118,-4.230E-2
13.218,0.118,-3.831E-2
13.235,0.118,-3.474E-2
13.251,0.118,-3.151E-2
13.268,0.118,-2.863E-2
13.285,0.118,-2.665E-2
13.301,0.118,-2.547E-2
13.318,0.118,-2.502E-2
13.335,0.118,-2.521E-2
13.351,0.118,-2.605E-2
13.368,0.118,-2.770E-2
13.385,0.118,-3.019E-2
13.401,0.118,-3.324E-2
13.418,0.118,-3.685E-2
13.435,0.118,-4.084E-2
13.451,0.118,-4.500E-2
13.468,0.118,-4.920E-2
13.485,0.118,-5.313E-2
13.501,0.118,-5.676E-2
13.518,0.118,-5.972E-2
13.535,0.118,-6.221E-2
13.551,0.118,-6.369E-2
13.568,0.118,-6.417E-2
13.585,0.118,-6.355E-2
13.601,0.118,-6.213E-2
13.618,0.118,-5.964E-2
13.635,0.118,-5.659E-2
13.652,0.118,-5.312E-2
13.668,0.118,-4.909E-2
13.685,0.118,-4.498E-2
13.702,0.118,-4.088E-2
13.718,0.118,-3.701E-2
13.735,0.118,-3.346E-2
13.752,0.118,-3.046E-2
13.768,0.118,-2.800E-2
13.785,0.118,-2.616E-2
13.802,0.118,-2.530E-2
13.818,0.118,-2.493E-2
13.835,0.118,-2.540E-2
13.852,0.118,-2.647E-2
13.868,0.118,-2.833E-2
13.885,0.118,-3.089E-2
13.902,0.118,-3.410E-2
13.918,0.118,-3.766E-2
13.935,0.118,-4.164E-2
13.952,0.118,-4.571E-2
13.968,0.118,-4.971E-2
13.985,0.118,-5.356E-2
14.002,0.118,-5.686E-2
14.018,0.118,-5.977E-2
14.035,0.118,-6.182E-2
14.052,0.118,-6.302E-2
14.068,0.118,-6.328E-2
14.085,0.118,-6.251E-2
14.102,0.118,-6.085E-2
14.118,0.118,-5.834E-2
14.135,0.118,-5.523E-2
14.152,0.118,-5.174E-2
14.168,0.118,-4.797E-2
14.185,0.118,-4.397E-2
14.202,0.118,-4.006E-2
14.218,0.118,-3.629E-2
14.235,0.118,-3.296E-2
14.252,0.118,-3.019E-2
14.268,0.118,-2.790E-2
14.285,0.118,-2.646E-2
14.302,0.118,-2.568E-2
14.318,0.118,-2.563E-2
14.335,0.118,-2.626E-2
14.352,0.118,-2.763E-2
14.368,0.118,-2.970E-2
14.385,0.118,-3.236E-2
14.402,0.118,-3.566E-2
14.418,0.118,-3.919E-2
14.435,0.118,-4.309E-2
14.452,0.118,-4.722E-2
14.468,0.118,-5.112E-2
14.485,0.118,-5.449E-2
14.502,0.118,-5.780E-2
14.518,0.118,-6.020E-2
14.535,0.118,-6.186E-2
14.552,0.118,-6.246E-2
14.568,0.118,-6.221E-2
14.585,0.118,-6.100E-2
14.602,0.118,-5.895E-2
14.618,0.118,-5.626E-2
14.635,0.118,-5.298E-2
14.652,0.118,-4.948E-2
14.668,0.118,-4.558E-2
14.685,0.118,-4.168E-2
14.702,0.118,-3.807E-2
14.718,0.118,-3.469E-2
14.735,0.118,-3.171E-2
14.752,0.118,-2.938E-2
14.768,0.118,-2.771E-2
14.785,0.118,-2.665E-2
14.802,0.118,-2.630E-2
14.818,0.118,-2.662E-2
14.835,0.118,-2.758E-2
14.852,0.118,-2.939E-2
14.868,0.118,-3.178E-2
14.885,0.118,-3.471E-2
14.902,0.118,-3.826E-2
14.918,0.118,-4.231E-2
14.935,0.118,-4.618E-2
14.952,0.118,-4.992E-2
14.968,0.118,-5.345E-2
14.985,0.118,-5.676E-2
15.002,0.118,-5.949E-2
15.018,0.118,-6.138E-2
15.035,0.118,-6.248E-2
15.052,0.118,-6.257E-2
15.068,0.118,-6.189E-2
15.085,0.117,-6.021E-2
15.102,0.117,-5.784E-2
15.118,0.117,-5.468E-2
15.135,0.118,-5.139E-2
15.152,0.118,-4.762E-2
15.168,0.118,-4.393E-2
15.185,0.118,-3.988E-2
15.202,0.118,-3.634E-2
15.218,0.118,-3.320E-2
15.235,0.118,-3.051E-2
15.252,0.118,-2.851E-2
15.268,0.118,-2.673E-2
15.285,0.118,-2.611E-2
15.302,0.118,-2.608E-2
15.318,0.118,-2.676E-2
15.335,0.118,-2.807E-2
15.352,0.118,-2.987E-2
15.368,0.118,-3.260E-2
15.385,0.118,-3.579E-2
15.402,0.118,-3.946E-2
15.418,0.118,-4.349E-2
15.435,0.118,-4.752E-2
15.452,0.118,-5.132E-2
15.468,0.118,-5.478E-2
15.485,0.118,-5.803E-2
15.502,0.118,-6.053E-2
15.518,0.118,-6.226E-2
15.535,0.118,-6.305E-2
15.552,0.118,-6.288E-2
15.568,0.118,-6.190E-2
15.585,0.118,-5.986E-2
15.602,0.118,-5.714E-2
15.618,0.118,-5.391E-2
15.635,0.118,-5.035E-2
15.652,0.118,-4.644E-2
15.668,0.118,-4.253E-2
15.685,0.118,-3.870E-2
15.702,0.118,-3.522E-2
15.718,0.118,-3.210E-2
15.735,0.118,-2.951E-2
15.752,0.118,-2.758E-2
15.768,0.118,-2.639E-2
15.785,0.118,-2.580E-2
15.802,0.118,-2.605E-2
15.818,0.118,-2.691E-2
15.835,0.118,-2.855E-2
15.852,0.118,-3.070E-2
15.868,0.118,-3.352E-2
15.885,0.118,-3.681E-2
15.902,0.118,-4.022E-2
15.918,0.118,-4.407E-2
15.935,0.118,-4.809E-2
15.952,0.118,-5.159E-2
15.968,0.118,-5.502E-2
15.985,0.118,-5.774E-2
16.002,0.118,-6.011E-2
16.018,0.118,-6.146E-2
16.035,0.118,-6.193E-2
16.052,0.118,-6.147E-2
16.068,0.118,-6.021E-2
16.085,0.118,-5.815E-2
16.102,0.118,-5.545E-2
16.118,0.118,-5.232E-2
16.135,0.118,-4.878E-2
16.152,0.118,-4.509E-2
16.168,0.118,-4.135E-2
16.185,0.118,-3.784E-2
16.202,0.118,-3.450E-2
16.218,0.118,-3.179E-2
16.235,0.118,-2.952E-2
16.252,0.118,-2.783E-2
16.268,0.118,-2.678E-2
16.285,0.118,-2.672E-2
16.302,0.118,-2.718E-2
16.318,0.118,-2.821E-2
16.335,0.118,-2.998E-2
16.352,0.118,-3.233E-2
16.368,0.118,-3.550E-2
16.385,0.118,-3.872E-2
16.402,0.118,-4.234E-2
16.418,0.118,-4.603E-2
16.435,0.118,-4.971E-2
16.452,0.118,-5.326E-2
16.468,0.118,-5.623E-2
16.485,0.118,-5.865E-2
16.502,0.118,-6.043E-2
16.518,0.118,-6.140E-2
16.535,0.118,-6.148E-2
16.552,0.118,-6.045E-2
16.568,0.118,-5.875E-2
16.585,0.118,-5.640E-2
16.602,0.118,-5.350E-2
16.618,0.118,-5.003E-2
16.635,0.118,-4.664E-2
16.652,0.118,-4.285E-2
16.669,0.118,-3.935E-2
16.685,0.118,-3.606E-2
16.702,0.118,-3.323E-2
16.719,0.118,-3.084E-2
16.735,0.118,-2.898E-2
16.752,0.118,-2.763E-2
16.769,0.118,-2.710E-2
16.785,0.118,-2.716E-2
16.802,0.118,-2.799E-2
16.819,0.118,-2.960E-2
16.835,0.118,-3.173E-2
16.852,0.118,-3.445E-2
16.869,0.118,-3.788E-2
16.885,0.118,-4.129E-2
16.902,0.118,-4.490E-2
16.919,0.118,-4.857E-2
16.935,0.118,-5.208E-2
16.952,0.118,-5.519E-2
16.969,0.118,-5.788E-2
16.985,0.118,-5.991E-2
17.002,0.118,-6.123E-2
17.019,0.118,-6.164E-2
17.035,0.118,-6.116E-2
17.052,0.117,-5.980E-2
17.069,0.117,-5.761E-2
17.085,0.117,-5.492E-2
17.102,0.117,-5.175E-2
17.119,0.117,-4.825E-2
17.135,0.118,-4.470E-2
17.152,0.118,-4.107E-2
17.169,0.118,-3.737E-2
17.185,0.118,-3.420E-2
17.202,0.118,-3.163E-2
17.219,0.118,-2.949E-2
17.235,0.118,-2.777E-2
17.252,0.118,-2.686E-2
17.269,0.118,-2.661E-2
17.285,0.118,-2.709E-2
17.302,0.118,-2.790E-2
17.319,0.118,-2.965E-2
17.335,0.118,-3.211E-2
17.352,0.118,-3.512E-2
17.369,0.118,-3.841E-2
17.385,0.118,-4.205E-2
17.402,0.118,-4.573E-2
17.419,0.118,-4.949E-2
17.435,0.118,-5.297E-2
17.452,0.118,-5.611E-2
17.469,0.118,-5.871E-2
17.485,0.118,-6.073E-2
17.502,0.118,-6.167E-2
17.519,0.118,-6.190E-2
17.535,0.118,-6.118E-2
17.552,0.118,-5.954E-2
17.569,0.118,-5.717E-2
17.585,0.118,-5.429E-2
17.602,0.118,-5.103E-2
17.619,0.118,-4.735E-2
17.635,0.118,-4.371E-2
17.652,0.118,-4.005E-2
17.669,0.118,-3.663E-2
17.685,0.118,-3.352E-2
17.702,0.118,-3.092E-2
17.719,0.118,-2.877E-2
17.735,0.118,-2.735E-2
17.752,0.118,-2.665E-2
17.769,0.118,-2.670E-2
17.785,0.118,-2.735E-2
17.802,0.118,-2.860E-2
17.819,0.118,-3.055E-2
17.835,0.118,-3.303E-2
17.852,0.118,-3.612E-2
17.869,0.118,-3.959E-2
17.885,0.118,-4.294E-2
17.902,0.118,-4.657E-2
17.919,0.118,-5.007E-2
17.935,0.118,-5.343E-2
17.952,0.118,-5.635E-2
17.969,0.118,-5.852E-2
17.985,0.118,-6.021E-2
18.002,0.118,-6.101E-2
18.019,0.118,-6.079E-2
18.035,0.118,-5.974E-2
18.052,0.118,-5.802E-2
18.069,0.118,-5.563E-2
18.085,0.118,-5.271E-2
18.102,0.118,-4.959E-2
18.119,0.118,-4.611E-2
18.135,0.118,-4.268E-2
18.152,0.118,-3.913E-2
18.169,0.118,-3.595E-2
18.185,0.118,-3.316E-2
18.202,0.118,-3.105E-2
18.219,0.118,-2.919E-2
18.235,0.118,-2.819E-2
18.252,0.118,-2.775E-2
18.269,0.118,-2.794E-2
18.285,0.118,-2.899E-2
18.302,0.118,-3.044E-2
18.319,0.118,-3.250E-2
18.335,0.118,-3.533E-2
18.352,0.118,-3.835E-2
18.369,0.118,-4.164E-2
18.385,0.118,-4.536E-2
18.402,0.117,-4.882E-2
18.419,0.117,-5.197E-2
18.435,0.117,-5.490E-2
18.452,0.117,-5.730E-2
18.469,0.117,-5.931E-2
18.485,0.117,-6.027E-2
18.502,0.117,-6.052E-2
18.519,0.118,-5.986E-2
18.535,0.118,-5.846E-2
18.552,0.118,-5.633E-2
18.569,0.118,-5.367E-2
18.585,0.118,-5.071E-2
18.602,0.118,-4.731E-2
18.619,0.118,-4.392E-2
18.635,0.118,-4.056E-2
18.652,0.118,-3.716E-2
18.669,0.118,-3.432E-2
18.685,0.118,-3.193E-2
18.702,0.118,-2.981E-2
18.719,0.118,-2.862E-2
18.735,0.118,-2.808E-2
18.752,0.118,-2.801E-2
18.769,0.119,-2.867E-2
18.785,0.118,-2.996E-2
18.802,0.118,-3.187E-2
18.819,0.118,-3.422E-2
18.835,0.118,-3.716E-2
18.852,0.118,-4.044E-2
18.869,0.118,-4.400E-2
18.885,0.118,-4.770E-2
18.902,0.118,-5.092E-2
18.919,0.118,-5.404E-2
18.935,0.118,-5.664E-2
18.952,0.118,-5.874E-2
18.969,0.118,-6.028E-2
18.985,0.118,-6.074E-2
19.002,0.118,-6.048E-2
19.019,0.118,-5.949E-2
19.035,0.117,-5.761E-2
19.052,0.117,-5.516E-2
19.069,0.117,-5.225E-2
19.085,0.117,-4.899E-2
19.102,0.117,-4.551E-2
19.119,0.118,-4.211E-2
19.135,0.118,-3.878E-2
19.152,0.118,-3.575E-2
19.169,0.118,-3.300E-2
19.185,0.118,-3.060E-2
19.202,0.118,-2.897E-2
19.219,0.118,-2.796E-2
19.235,0.118,-2.768E-2
19.252,0.118,-2.774E-2
19.269,0.118,-2.865E-2
19.285,0.118,-3.004E-2
19.302,0.118,-3.219E-2
19.319,0.118,-3.487E-2
19.335,0.118,-3.808E-2
19.352,0.118,-4.131E-2
19.369,0.118,-4.487E-2
19.385,0.118,-4.834E-2
19.402,0.119,-5.182E-2
19.419,0.119,-5.472E-2
19.435,0.119,-5.734E-2
19.452,0.119,-5.938E-2
19.469,0.119,-6.053E-2
19.485,0.119,-6.097E-2
19.502,0.119,-6.055E-2
19.519,0.119,-5.929E-2
19.535,0.118,-5.722E-2
19.552,0.118,-5.470E-2
19.569,0.118,-5.165E-2
19.585,0.118,-4.821E-2
19.602,0.118,-4.493E-2
19.619,0.118,-4.143E-2
19.635,0.118,-3.810E-2
19.652,0.118,-3.500E-2
19.669,0.118,-3.235E-2
19.686,0.118,-3.043E-2
19.702,0.118,-2.892E-2
19.719,0.117,-2.800E-2
19.736,0.117,-2.773E-2
19.752,0.117,-2.812E-2
19.769,0.117,-2.919E-2
19.786,0.117,-3.087E-2
19.802,0.117,-3.310E-2
19.819,0.117,-3.583E-2
19.836,0.118,-3.894E-2
19.852,0.118,-4.217E-2
19.869,0.118,-4.564E-2
19.886,0.118,-4.897E-2
19.902,0.118,-5.210E-2
19.919,0.118,-5.495E-2
19.936,0.118,-5.713E-2
19.952,0.118,-5.874E-2
19.969,0.118,-5.977E-2
19.986,0.118,-5.979E-2
20.002,0.118,-5.902E-2
20.019,0.118,-5.767E-2
20.036,0.118,-5.540E-2
20.052,0.118,-5.291E-2
20.069,0.118,-4.995E-2
20.086,0.119,-4.676E-2
20.102,0.119,-4.347E-2
20.119,0.119,-4.022E-2
20.136,0.119,-3.724E-2
20.152,0.118,-3.447E-2
20.169,0.118,-3.218E-2
20.186,0.118,-3.041E-2
20.202,0.118,-2.919E-2
20.219,0.118,-2.871E-2
20.236,0.118,-2.887E-2
20.252,0.118,-2.954E-2
20.269,0.118,-3.101E-2
20.286,0.118,-3.278E-2
20.302,0.118,-3.519E-2
20.319,0.118,-3.817E-2
20.336,0.118,-4.114E-2
20.352,0.118,-4.460E-2
20.369,0.117,-4.764E-2
20.386,0.117,-5.079E-2
20.402,0.117,-5.380E-2
20.419,0.117,-5.603E-2
20.436,0.117,-5.787E-2
20.452,0.117,-5.908E-2
20.469,0.117,-5.947E-2
20.486,0.117,-5.910E-2
20.502,0.117,-5.786E-2
20.519,0.117,-5.607E-2
20.536,0.117,-5.366E-2
20.552,0.118,-5.095E-2
20.569,0.118,-4.766E-2
20.586,0.118,-4.441E-2
20.602,0.118,-4.119E-2
20.619,0.118,-3.812E-2
20.636,0.118,-3.537E-2
20.652,0.118,-3.306E-2
20.669,0.118,-3.102E-2
20.686,0.118,-2.967E-2
20.702,0.119,-2.903E-2
20.719,0.119,-2.889E-2
20.736,0.119,-2.920E-2
20.752,0.119,-3.024E-2
20.769,0.119,-3.190E-2
20.786,0.119,-3.411E-2
20.802,0.119,-3.687E-2
20.819,0.119,-3.984E-2
20.836,0.119,-4.303E-2
20.852,0.119,-4.637E-2
20.869,0.119,-4.973E-2
20.886,0.118,-5.261E-2
20.902,0.118,-5.525E-2
20.919,0.118,-5.726E-2
20.936,0.118,-5.897E-2
20.952,0.118,-5.968E-2
20.969,0.118,-5.975E-2
20.986,0.118,-5.895E-2
21.002,0.118,-5.739E-2
21.019,0.118,-5.520E-2
21.036,0.117,-5.256E-2
21.052,0.117,-4.947E-2
21.069,0.117,-4.638E-2
21.086,0.117,-4.310E-2
21.102,0.117,-3.975E-2
21.119,0.117,-3.689E-2
21.136,0.117,-3.425E-2
21.152,0.117,-3.202E-2
21.169,0.117,-3.035E-2
21.186,0.117,-2.911E-2
21.202,0.117,-2.863E-2
21.219,0.118,-2.852E-2
21.236,0.118,-2.925E-2
21.252,0.118,-3.054E-2
21.269,0.118,-3.221E-2
21.286,0.118,-3.473E-2
21.302,0.118,-3.738E-2
21.319,0.118,-4.062E-2
21.336,0.118,-4.387E-2
21.352,0.118,-4.711E-2
21.369,0.119,-5.045E-2
21.386,0.119,-5.341E-2
21.402,0.119,-5.589E-2
21.419,0.119,-5.800E-2
21.436,0.119,-5.938E-2
21.452,0.119,-6.000E-2
21.469,0.119,-5.978E-2
21.486,0.119,-5.882E-2
21.502,0.119,-5.709E-2
21.519,0.119,-5.493E-2
21.536,0.118,-5.222E-2
21.552,0.118,-4.910E-2
21.569,0.118,-4.599E-2
21.586,0.118,-4.267E-2
21.602,0.118,-3.950E-2
21.619,0.118,-3.646E-2
21.636,0.118,-3.399E-2
21.652,0.118,-3.186E-2
21.669,0.118,-3.044E-2
21.686,0.117,-2.936E-2
21.702,0.118,-2.904E-2
21.719,0.117,-2.905E-2
21.736,0.117,-2.995E-2
21.752,0.117,-3.137E-2
21.769,0.117,-3.348E-2
21.786,0.117,-3.594E-2
21.802,0.117,-3.878E-2
21.819,0.117,-4.184E-2
21.836,0.117,-4.506E-2
21.852,0.117,-4.819E-2
21.869,0.117,-5.120E-2
21.886,0.117,-5.392E-2
21.902,0.117,-5.619E-2
21.919,0.118,-5.779E-2
21.936,0.118,-5.888E-2
21.952,0.118,-5.905E-2
21.969,0.118,-5.840E-2
21.986,0.118,-5.717E-2
22.002,0.118,-5.525E-2
22.019,0.118,-5.299E-2
22.036,0.118,-5.020E-2
22.052,0.118,-4.729E-2
22.069,0.119,-4.412E-2
22.086,0.119,-4.113E-2
22.102,0.119,-3.823E-2
22.119,0.119,-3.573E-2
22.136,0.119,-3.338E-2
22.152,0.119,-3.160E-2
22.169,0.119,-3.041E-2
22.186,0.119,-2.979E-2
22.202,0.119,-2.990E-2
22.219,0.118,-3.040E-2
22.236,0.118,-3.140E-2
22.252,0.118,-3.318E-2
22.269,0.118,-3.527E-2
22.286,0.118,-3.805E-2
22.302,0.118,-4.079E-2
22.319,0.118,-4.378E-2
22.336,0.118,-4.694E-2
22.352,0.118,-4.984E-2
22.369,0.118,-5.252E-2
22.386,0.117,-5.492E-2
22.402,0.117,-5.674E-2
22.419,0.117,-5.800E-2
22.436,0.117,-5.854E-2
22.452,0.117,-5.835E-2
22.469,0.117,-5.737E-2
22.486,0.117,-5.573E-2
22.502,0.117,-5.363E-2
22.519,0.117,-5.105E-2
22.536,0.117,-4.815E-2
22.552,0.118,-4.497E-2
22.569,0.118,-4.209E-2
22.586,0.118,-3.911E-2
22.602,0.118,-3.644E-2
22.619,0.118,-3.410E-2
22.636,0.118,-3.201E-2
22.652,0.118,-3.054E-2
22.669,0.118,-2.982E-2
22.686,0.119,-2.959E-2
22.703,0.119,-2.986E-2
22.719,0.119,-3.078E-2
22.736,0.119,-3.230E-2
22.753,0.119,-3.416E-2
22.769,0.119,-3.671E-2
22.786,0.119,-3.951E-2
22.803,0.119,-4.258E-2
22.819,0.119,-4.571E-2
22.836,0.119,-4.890E-2
22.853,0.119,-5.173E-2
22.869,0.119,-5.447E-2
22.886,0.119,-5.650E-2
22.903,0.119,-5.806E-2
22.919,0.118,-5.892E-2
22.936,0.118,-5.908E-2
22.953,0.118,-5.837E-2
22.969,0.118,-5.704E-2
22.986,0.118,-5.519E-2
23.003,0.118,-5.271E-2
23.019,0.118,-4.999E-2
23.036,0.117,-4.693E-2
23.053,0.117,-4.378E-2
23.069,0.117,-4.065E-2
23.086,0.117,-3.775E-2
23.103,0.117,-3.509E-2
23.119,0.117,-3.313E-2
23.136,0.117,-3.115E-2
23.153,0.117,-2.999E-2
23.169,0.117,-2.924E-2
23.186,0.118,-2.928E-2
23.203,0.118,-2.975E-2
23.219,0.118,-3.060E-2
23.236,0.118,-3.231E-2
23.253,0.118,-3.431E-2
23.269,0.118,-3.693E-2
23.286,0.118,-3.984E-2
23.303,0.118,-4.273E-2
23.319,0.118,-4.593E-2
23.336,0.118,-4.894E-2
23.353,0.118,-5.185E-2
23.369,0.119,-5.448E-2
23.386,0.119,-5.647E-2
23.403,0.119,-5.792E-2
23.419,0.119,-5.864E-2
23.436,0.119,-5.861E-2
23.453,0.119,-5.785E-2
23.469,0.119,-5.642E-2
23.486,0.119,-5.445E-2
23.503,0.119,-5.198E-2
23.519,0.119,-4.922E-2
23.536,0.119,-4.628E-2
23.553,0.118,-4.320E-2
23.569,0.118,-4.008E-2
23.586,0.118,-3.721E-2
23.603,0.118,-3.475E-2
23.619,0.118,-3.268E-2
23.636,0.118,-3.118E-2
23.653,0.118,-3.025E-2
23.669,0.118,-2.965E-2
23.686,0.118,-2.980E-2
23.703,0.117,-3.053E-2
23.719,0.117,-3.173E-2
23.736,0.117,-3.364E-2
23.753,0.117,-3.585E-2
23.769,0.117,-3.837E-2
23.786,0.117,-4.124E-2
23.803,0.117,-4.414E-2
23.819,0.117,-4.704E-2
23.836,0.117,-4.992E-2
23.853,0.117,-5.262E-2
23.869,0.117,-5.479E-2
23.886,0.117,-5.639E-2
23.903,0.118,-5.755E-2
23.919,0.118,-5.789E-2
23.936,0.118,-5.755E-2
23.953,0.118,-5.647E-2
23.969,0.118,-5.487E-2
23.986,0.118,-5.275E-2
24.003,0.118,-5.028E-2
24.019,0.119,-4.768E-2
24.036,0.119,-4.466E-2
24.053,0.119,-4.182E-2
24.069,0.119,-3.913E-2
24.086,0.119,-3.648E-2
24.103,0.119,-3.433E-2
24.119,0.119,-3.260E-2
24.136,0.119,-3.140E-2
24.153,0.119,-3.067E-2
24.169,0.119,-3.050E-2
24.186,0.119,-3.100E-2
24.203,0.119,-3.198E-2
24.219,0.119,-3.343E-2
24.236,0.119,-3.543E-2
24.253,0.119,-3.790E-2
24.269,0.118,-4.055E-2
24.286,0.118,-4.343E-2
24.303,0.118,-4.634E-2
24.319,0.118,-4.904E-2
24.336,0.118,-5.169E-2
24.353,0.118,-5.371E-2
24.369,0.118,-5.572E-2
24.386,0.117,-5.684E-2
24.403,0.117,-5.756E-2
24.419,0.117,-5.748E-2
24.436,0.117,-5.664E-2
24.453,0.117,-5.523E-2
24.469,0.117,-5.322E-2
24.486,0.117,-5.094E-2
24.503,0.117,-4.832E-2
24.519,0.117,-4.548E-2
24.536,0.117,-4.248E-2
24.553,0.118,-3.984E-2
24.569,0.118,-3.708E-2
24.586,0.118,-3.492E-2
24.603,0.118,-3.286E-2
24.619,0.118,-3.161E-2
24.636,0.118,-3.057E-2
24.653,0.118,-3.011E-2
24.669,0.118,-3.037E-2
24.686,0.119,-3.114E-2
24.703,0.119,-3.228E-2
24.719,0.119,-3.415E-2
24.736,0.119,-3.643E-2
24.753,0.119,-3.907E-2
24.769,0.119,-4.203E-2
24.786,0.119,-4.496E-2
24.803,0.119,-4.794E-2
24.819,0.119,-5.074E-2
24.836,0.119,-5.327E-2
24.853,0.119,-5.543E-2
24.869,0.119,-5.701E-2
24.886,0.119,-5.790E-2
24.903,0.119,-5.821E-2
24.919,0.118,-5.765E-2
24.936,0.118,-5.653E-2
24.953,0.118,-5.489E-2
24.969,0.118,-5.265E-2
24.986,0.118,-5.004E-2
25.003,0.118,-4.725E-2
25.019,0.118,-4.442E-2
25.036,0.117,-4.135E-2
25.053,0.117,-3.867E-2
25.069,0.117,-3.592E-2
25.086,0.117,-3.368E-2
25.103,0.117,-3.216E-2
25.119,0.117,-3.084E-2
25.136,0.117,-3.016E-2
25.153,0.117,-3.001E-2
25.169,0.117,-3.039E-2
25.186,0.117,-3.124E-2
25.203,0.117,-3.274E-2
25.219,0.117,-3.450E-2
25.236,0.118,-3.685E-2
25.253,0.118,-3.938E-2
25.269,0.118,-4.248E-2
25.286,0.118,-4.528E-2
25.303,0.118,-4.827E-2
25.319,0.118,-5.086E-2
25.336,0.118,-5.337E-2
25.353,0.118,-5.533E-2
25.369,0.119,-5.680E-2
25.386,0.119,-5.776E-2
25.403,0.119,-5.804E-2
25.419,0.119,-5.742E-2
25.436,0.119,-5.628E-2
25.453,0.119,-5.445E-2
25.469,0.119,-5.225E-2
25.486,0.119,-4.972E-2
25.503,0.119,-4.693E-2
25.519,0.119,-4.408E-2
25.536,0.119,-4.128E-2
25.553,0.119,-3.862E-2
25.569,0.119,-3.618E-2
25.586,0.118,-3.401E-2
25.603,0.118,-3.250E-2
25.619,0.118,-3.135E-2
25.636,0.118,-3.094E-2
25.653,0.118,-3.075E-2
25.669,0.118,-3.139E-2
25.686,0.118,-3.235E-2
25.703,0.118,-3.394E-2
25.720,0.117,-3.590E-2
25.736,0.117,-3.822E-2
25.753,0.117,-4.106E-2
25.770,0.117,-4.366E-2
25.786,0.117,-4.645E-2
25.803,0.117,-4.905E-2
25.820,0.117,-5.150E-2
25.836,0.117,-5.372E-2
25.853,0.117,-5.542E-2
25.870,0.117,-5.660E-2
25.886,0.117,-5.699E-2
25.903,0.118,-5.682E-2
25.920,0.118,-5.585E-2
25.936,0.118,-5.446E-2
25.953,0.118,-5.258E-2
25.970,0.118,-5.025E-2
25.986,0.118,-4.778E-2
26.003,0.118,-4.507E-2
26.020,0.119,-4.249E-2
26.036,0.119,-3.972E-2
26.053,0.119,-3.744E-2
26.070,0.119,-3.531E-2
26.086,0.119,-3.358E-2
26.103,0.119,-3.230E-2
26.120,0.119,-3.169E-2
26.136,0.119,-3.144E-2
26.153,0.119,-3.167E-2
26.170,0.119,-3.255E-2
26.186,0.119,-3.378E-2
26.203,0.119,-3.570E-2
26.220,0.119,-3.783E-2
26.236,0.119,-4.039E-2
26.253,0.118,-4.309E-2
26.270,0.118,-4.594E-2
26.286,0.118,-4.856E-2
26.303,0.118,-5.101E-2
26.320,0.118,-5.316E-2
26.336,0.118,-5.503E-2
26.353,0.118,-5.624E-2
26.370,0.117,-5.672E-2
26.386,0.117,-5.687E-2
26.403,0.117,-5.615E-2
26.420,0.117,-5.488E-2
26.436,0.117,-5.328E-2
26.453,0.117,-5.110E-2
26.470,0.117,-4.869E-2
26.486,0.117,-4.605E-2
26.503,0.117,-4.317E-2
26.520,0.117,-4.061E-2
26.536,0.117,-3.817E-2
26.553,0.117,-3.572E-2
26.570,0.118,-3.393E-2
26.586,0.118,-3.236E-2
26.603,0.118,-3.144E-2
26.620,0.118,-3.094E-2
26.636,0.118,-3.107E-2
26.653,0.118,-3.160E-2
26.670,0.118,-3.255E-2
26.686,0.119,-3.424E-2
26.703,0.119,-3.625E-2
26.720,0.119,-3.868E-2
26.736,0.119,-4.153E-2
26.753,0.119,-4.417E-2
26.770,0.119,-4.703E-2
26.786,0.119,-4.969E-2
26.803,0.119,-5.216E-2
26.820,0.119,-5.426E-2
26.836,0.119,-5.596E-2
26.853,0.119,-5.699E-2
26.870,0.119,-5.737E-2
26.886,0.119,-5.703E-2
26.903,0.118,-5.619E-2
26.920,0.118,-5.465E-2
26.936,0.118,-5.269E-2
26.953,0.118,-5.041E-2
26.970,0.118,-4.777E-2
26.986,0.118,-4.497E-2
27.003,0.118,-4.233E-2
27.020,0.117,-3.945E-2
27.036,0.117,-3.694E-2
27.053,0.117,-3.494E-2
27.070,0.117,-3.311E-2
27.086,0.117,-3.194E-2
27.103,0.117,-3.121E-2
27.120,0.117,-3.090E-2
27.136,0.117,-3.117E-2
27.153,0.117,-3.183E-2
27.170,0.117,-3.304E-2
27.186,0.117,-3.483E-2
27.203,0.117,-3.674E-2
27.220,0.117,-3.921E-2
27.236,0.117,-4.188E-2
27.253,0.117,-4.463E-2
27.270,0.118,-4.753E-2
27.286,0.118,-4.993E-2
27.303,0.118,-5.239E-2
27.320,0.118,-5.428E-2
27.336,0.118,-5.574E-2
27.353,0.118,-5.657E-2
27.370,0.119,-5.691E-2
27.386,0.119,-5.650E-2
27.403,0.119,-5.555E-2
27.420,0.119,-5.409E-2
27.436,0.119,-5.211E-2
27.453,0.119,-4.960E-2
27.470,0.119,-4.707E-2
27.486,0.119,-4.434E-2
27.503,0.119,-4.172E-2
27.520,0.119,-3.916E-2
27.536,0.119,-3.681E-2
27.553,0.119,-3.490E-2
27.570,0.119,-3.339E-2
27.586,0.118,-3.216E-2
27.603,0.118,-3.159E-2
27.620,0.118,-3.148E-2
27.636,0.118,-3.191E-2
27.653,0.118,-3.275E-2
27.670,0.118,-3.419E-2
27.686,0.118,-3.594E-2
27.703,0.118,-3.820E-2
27.720,0.117,-4.048E-2
27.736,0.117,-4.324E-2
27.753,0.117,-4.572E-2
27.770,0.117,-4.827E-2
27.786,0.117,-5.071E-2
27.803,0.117,-5.272E-2
27.820,0.117,-5.437E-2
27.836,0.117,-5.543E-2
27.853,0.117,-5.612E-2
27.870,0.117,-5.609E-2
27.886,0.117,-5.531E-2
27.903,0.118,-5.405E-2
27.920,0.118,-5.224E-2
27.936,0.118,-5.009E-2
27.953,0.118,-4.764E-2
27.970,0.118,-4.535E-2
27.986,0.118,-4.273E-2
28.003,0.119,-4.028E-2
28.020,0.119,-3.792E-2
28.036,0.119,-3.597E-2
28.053,0.119,-3.416E-2
28.070,0.119,-3.311E-2
28.086,0.119,-3.246E-2
28.103,0.119,-3.219E-2
28.120,0.119,-3.249E-2
28.136,0.119,-3.321E-2
28.153,0.119,-3.433E-2
28.170,0.119,-3.595E-2
28.186,0.119,-3.799E-2
28.203,0.119,-4.024E-2
28.220,0.119,-4.278E-2
28.236,0.119,-4.519E-2
28.253,0.119,-4.779E-2
28.270,0.118,-5.008E-2
28.286,0.118,-5.220E-2
28.303,0.118,-5.404E-2
28.320,0.118,-5.529E-2
28.336,0.118,-5.585E-2
28.353,0.118,-5.608E-2
28.370,0.117,-5.566E-2
28.386,0.117,-5.454E-2
28.403,0.117,-5.286E-2
28.420,0.117,-5.100E-2
28.436,0.117,-4.870E-2
28.453,0.117,-4.615E-2
28.470,0.117,-4.357E-2
28.486,0.117,-4.110E-2
28.503,0.117,-3.868E-2
28.520,0.117,-3.630E-2
28.536,0.117,-3.463E-2
28.553,0.117,-3.328E-2
28.570,0.117,-3.218E-2
28.586,0.118,-3.179E-2
28.603,0.118,-3.165E-2
28.620,0.118,-3.204E-2
28.636,0.118,-3.302E-2
28.653,0.118,-3.440E-2
28.670,0.118,-3.642E-2
28.686,0.118,-3.861E-2
28.703,0.119,-4.125E-2
28.720,0.119,-4.374E-2
28.737,0.119,-4.648E-2
28.753,0.119,-4.911E-2
28.770,0.119,-5.164E-2
28.787,0.119,-5.361E-2
28.803,0.119,-5.520E-2
28.820,0.119,-5.641E-2
28.837,0.119,-5.686E-2
28.853,0.119,-5.670E-2
28.870,0.119,-5.598E-2
28.887,0.118,-5.462E-2
28.903,0.118,-5.285E-2
28.920,0.118,-5.064E-2
28.937,0.118,-4.823E-2
28.953,0.118,-4.548E-2
28.970,0.118,-4.297E-2
28.987,0.118,-4.032E-2
29.003,0.117,-3.780E-2
29.020,0.117,-3.580E-2
29.037,0.117,-3.413E-2
29.053,0.117,-3.271E-2
29.070,0.117,-3.205E-2
29.087,0.117,-3.160E-2
29.103,0.117,-3.173E-2
29.120,0.117,-3.236E-2
29.137,0.117,-3.333E-2
29.153,0.117,-3.487E-2
29.170,0.117,-3.680E-2
29.187,0.117,-3.899E-2
29.203,0.117,-4.157E-2
29.220,0.117,-4.391E-2
29.237,0.117,-4.667E-2
29.253,0.117,-4.902E-2
29.270,0.118,-5.141E-2
29.287,0.118,-5.317E-2
29.303,0.118,-5.475E-2
29.320,0.118,-5.566E-2
29.337,0.118,-5.607E-2
29.353,0.118,-5.589E-2
29.370,0.119,-5.496E-2
29.387,0.119,-5.372E-2
29.403,0.119,-5.190E-2
29.420,0.119,-4.982E-2
29.437,0.119,-4.753E-2
29.453,0.119,-4.513E-2
29.470,0.119,-4.256E-2
29.487,0.119,-4.014E-2
29.503,0.119,-3.800E-2
29.520,0.119,-3.607E-2
29.537,0.119,-3.460E-2
29.553,0.119,-3.349E-2
29.570,0.119,-3.279E-2
29.587,0.119,-3.271E-2
29.603,0.118,-3.312E-2
29.620,0.118,-3.368E-2
29.637,0.118,-3.505E-2
29.653,0.118,-3.651E-2
29.670,0.118,-3.859E-2
29.687,0.118,-4.081E-2
29.703,0.117,-4.306E-2
29.720,0.117,-4.569E-2
29.737,0.117,-4.803E-2
29.753,0.117,-5.023E-2
29.770,0.117,-5.221E-2
29.787,0.117,-5.372E-2
29.803,0.117,-5.495E-2
29.820,0.117,-5.546E-2
29.837,0.117,-5.548E-2
29.853,0.117,-5.480E-2
29.870,0.117,-5.362E-2
29.887,0.117,-5.203E-2
29.903,0.118,-5.015E-2
29.920,0.118,-4.793E-2
29.937,0.118,-4.549E-2
29.953,0.118,-4.324E-2
29.970,0.118,-4.081E-2
29.987,0.118,-3.856E-2
30.003,0.119,-3.672E-2
30.020,0.119,-3.514E-2
30.037,0.119,-3.395E-2
30.053,0.119,-3.324E-2
30.070,0.119,-3.288E-2
30.087,0.119,-3.301E-2
30.103,0.119,-3.371E-2
30.120,0.119,-3.481E-2
30.137,0.119,-3.634E-2
30.153,0.119,-3.824E-2
30.170,0.119,-4.032E-2
30.187,0.119,-4.267E-2
30.203,0.119,-4.504E-2
30.220,0.119,-4.754E-2
30.237,0.119,-4.969E-2
30.253,0.118,-5.175E-2
30.270,0.118,-5.335E-2
30.287,0.118,-5.456E-2
30.303,0.118,-5.537E-2
30.320,0.118,-5.543E-2
30.337,0.118,-5.501E-2
30.353,0.118,-5.412E-2
30.370,0.117,-5.263E-2
30.387,0.117,-5.070E-2
30.403,0.117,-4.856E-2
30.420,0.117,-4.625E-2
30.437,0.117,-4.388E-2
30.453,0.117,-4.146E-2
30.470,0.117,-3.922E-2
30.487,0.117,-3.707E-2
30.503,0.117,-3.538E-2
30.520,0.117,-3.406E-2
30.537,0.117,-3.285E-2
30.553,0.117,-3.238E-2
30.570,0.117,-3.213E-2
30.587,0.118,-3.264E-2
30.603,0.118,-3.326E-2
30.620,0.118,-3.454E-2
30.637,0.118,-3.635E-2
30.653,0.118,-3.824E-2
30.670,0.118,-4.073E-2
30.687,0.118,-4.319E-2
30.703,0.119,-4.574E-2
30.720,0.119,-4.822E-2
30.737,0.119,-5.068E-2
30.753,0.119,-5.267E-2
30.770,0.119,-5.421E-2
30.787,0.119,-5.529E-2
30.803,0.119,-5.589E-2
30.820,0.119,-5.593E-2
30.837,0.119,-5.535E-2
30.853,0.119,-5.417E-2
30.870,0.119,-5.262E-2
30.887,0.119,-5.060E-2
30.903,0.118,-4.840E-2
30.920,0.118,-4.591E-2
30.937,0.118,-4.346E-2
30.953,0.118,-4.076E-2
30.970,0.118,-3.860E-2
30.987,0.118,-3.660E-2
31.003,0.118,-3.480E-2
31.020,0.118,-3.354E-2
31.037,0.117,-3.259E-2
31.053,0.117,-3.228E-2
31.070,0.117,-3.235E-2
31.087,0.117,-3.271E-2
31.103,0.117,-3.364E-2
31.120,0.117,-3.504E-2
31.137,0.117,-3.676E-2
31.153,0.117,-3.871E-2
31.170,0.117,-4.099E-2
31.187,0.117,-4.352E-2
31.203,0.117,-4.594E-2
31.220,0.117,-4.838E-2
31.237,0.117,-5.048E-2
31.253,0.118,-5.243E-2
31.270,0.118,-5.381E-2
31.287,0.118,-5.474E-2
31.303,0.118,-5.526E-2
31.320,0.118,-5.503E-2
31.337,0.118,-5.433E-2
31.353,0.119,-5.301E-2
31.370,0.119,-5.154E-2
31.387,0.119,-4.954E-2
31.403,0.119,-4.742E-2
31.420,0.119,-4.506E-2
31.437,0.119,-4.281E-2
31.453,0.119,-4.063E-2
31.470,0.119,-3.852E-2
31.487,0.119,-3.668E-2
31.503,0.119,-3.521E-2
31.520,0.119,-3.411E-2
31.537,0.119,-3.355E-2
31.553,0.119,-3.328E-2
31.570,0.119,-3.353E-2
31.587,0.119,-3.413E-2
31.603,0.119,-3.528E-2
31.620,0.118,-3.666E-2
31.637,0.118,-3.853E-2
31.653,0.118,-4.075E-2
31.670,0.118,-4.290E-2
31.687,0.118,-4.514E-2
31.703,0.118,-4.744E-2
31.720,0.117,-4.939E-2
31.737,0.117,-5.131E-2
31.754,0.117,-5.276E-2
31.770,0.117,-5.387E-2
31.787,0.117,-5.439E-2
31.804,0.117,-5.446E-2
31.820,0.117,-5.396E-2
31.837,0.117,-5.299E-2
31.854,0.117,-5.160E-2
31.870,0.117,-4.988E-2
31.887,0.117,-4.775E-2
31.904,0.118,-4.564E-2
31.920,0.118,-4.333E-2
31.937,0.118,-4.122E-2
31.954,0.118,-3.917E-2
31.970,0.118,-3.726E-2
31.987,0.118,-3.581E-2
32.004,0.118,-3.446E-2
32.020,0.119,-3.386E-2
32.037,0.119,-3.358E-2
32.054,0.119,-3.362E-2
32.070,0.119,-3.415E-2
32.087,0.119,-3.523E-2
32.104,0.119,-3.649E-2
32.120,0.119,-3.829E-2
32.137,0.119,-4.023E-2
32.154,0.119,-4.250E-2
32.170,0.119,-4.466E-2
32.187,0.119,-4.695E-2
32.204,0.119,-4.923E-2
32.220,0.119,-5.117E-2
32.237,0.119,-5.273E-2
32.254,0.118,-5.383E-2
32.270,0.118,-5.464E-2
32.287,0.118,-5.491E-2
32.304,0.118,-5.454E-2
32.320,0.118,-5.364E-2
32.337,0.118,-5.251E-2
32.354,0.117,-5.064E-2
32.370,0.117,-4.876E-2
32.387,0.117,-4.641E-2
32.404,0.117,-4.406E-2
32.420,0.117,-4.196E-2
32.437,0.117,-3.970E-2
32.454,0.117,-3.770E-2
32.470,0.117,-3.591E-2
32.487,0.117,-3.455E-2
32.504,0.117,-3.351E-2
32.520,0.117,-3.303E-2
32.537,0.117,-3.272E-2
32.554,0.117,-3.306E-2
32.570,0.117,-3.368E-2
32.587,0.118,-3.496E-2
32.604,0.118,-3.640E-2
32.620,0.118,-3.843E-2
32.637,0.118,-4.037E-2
32.654,0.118,-4.280E-2
32.670,0.118,-4.522E-2
32.687,0.118,-4.764E-2
32.704,0.119,-4.989E-2
32.720,0.119,-5.180E-2
32.737,0.119,-5.345E-2
32.754,0.119,-5.467E-2
32.770,0.119,-5.519E-2
32.787,0.119,-5.535E-2
32.804,0.119,-5.489E-2
32.820,0.119,-5.391E-2
32.837,0.119,-5.251E-2
32.854,0.119,-5.087E-2
32.870,0.119,-4.869E-2
32.887,0.119,-4.638E-2
32.904,0.119,-4.396E-2
32.920,0.118,-4.171E-2
32.937,0.118,-3.939E-2
32.954,0.118,-3.740E-2
32.970,0.118,-3.567E-2
32.987,0.118,-3.445E-2
33.004,0.118,-3.347E-2
33.020,0.118,-3.318E-2
33.037,0.117,-3.311E-2
33.054,0.117,-3.360E-2
33.070,0.117,-3.440E-2
33.087,0.117,-3.560E-2
33.104,0.117,-3.730E-2
33.120,0.117,-3.926E-2
33.137,0.117,-4.126E-2
33.154,0.117,-4.350E-2
33.170,0.117,-4.574E-2
33.187,0.117,-4.799E-2
33.204,0.117,-4.992E-2
33.220,0.117,-5.168E-2
33.237,0.117,-5.292E-2
33.254,0.118,-5.400E-2
33.270,0.118,-5.441E-2
33.287,0.118,-5.427E-2
33.304,0.118,-5.362E-2
33.320,0.118,-5.264E-2
33.337,0.118,-5.111E-2
33.354,0.119,-4.938E-2
33.370,0.119,-4.754E-2
33.387,0.119,-4.518E-2
33.404,0.119,-4.315E-2
33.420,0.119,-4.095E-2
33.437,0.119,-3.904E-2
33.454,0.119,-3.723E-2
33.470,0.119,-3.592E-2
33.487,0.119,-3.494E-2
33.504,0.119,-3.417E-2
33.520,0.119,-3.401E-2
33.537,0.119,-3.424E-2
33.554,0.119,-3.479E-2
33.570,0.119,-3.582E-2
33.587,0.119,-3.713E-2
33.604,0.119,-3.884E-2
33.620,0.118,-4.068E-2
33.637,0.118,-4.282E-2
33.654,0.118,-4.498E-2
33.670,0.118,-4.715E-2
33.687,0.118,-4.898E-2
33.704,0.118,-5.093E-2
33.720,0.117,-5.212E-2
33.737,0.117,-5.323E-2
33.754,0.117,-5.368E-2
33.770,0.117,-5.381E-2
33.787,0.117,-5.337E-2
33.804,0.117,-5.238E-2
33.820,0.117,-5.100E-2
33.837,0.117,-4.942E-2
33.854,0.117,-4.762E-2
33.870,0.117,-4.558E-2
33.887,0.117,-4.343E-2
33.904,0.118,-4.143E-2
33.920,0.118,-3.946E-2
33.937,0.118,-3.791E-2
33.954,0.118,-3.630E-2
33.970,0.118,-3.525E-2
33.987,0.118,-3.446E-2
34.004,0.118,-3.407E-2
34.020,0.118,-3.418E-2
34.037,0.119,-3.471E-2
34.054,0.119,-3.559E-2
34.070,0.119,-3.692E-2
34.087,0.119,-3.857E-2
34.104,0.119,-4.054E-2
34.120,0.119,-4.266E-2
34.137,0.119,-4.479E-2
34.154,0.119,-4.693E-2
34.170,0.119,-4.901E-2
34.187,0.119,-5.075E-2
34.204,0.119,-5.244E-2
34.220,0.119,-5.358E-2
34.237,0.119,-5.435E-2
34.254,0.118,-5.442E-2
34.270,0.118,-5.425E-2
34.287,0.118,-5.352E-2
34.304,0.118,-5.218E-2
34.320,0.118,-5.068E-2
34.337,0.118,-4.884E-2
34.354,0.117,-4.661E-2
34.370,0.117,-4.461E-2
34.387,0.117,-4.235E-2
34.404,0.117,-4.017E-2
34.420,0.117,-3.842E-2
34.437,0.117,-3.660E-2
34.454,0.117,-3.536E-2
34.470,0.117,-3.431E-2
34.487,0.117,-3.363E-2
34.504,0.117,-3.349E-2
34.520,0.117,-3.380E-2
34.537,0.117,-3.422E-2
34.554,0.117,-3.534E-2
34.570,0.117,-3.671E-2
34.587,0.118,-3.859E-2
34.604,0.118,-4.052E-2
34.620,0.118,-4.280E-2
34.637,0.118,-4.484E-2
34.654,0.118,-4.727E-2
34.670,0.118,-4.935E-2
34.687,0.118,-5.112E-2
34.704,0.119,-5.286E-2
34.720,0.119,-5.394E-2
34.737,0.119,-5.453E-2
34.754,0.119,-5.463E-2
34.771,0.119,-5.431E-2
34.787,0.119,-5.342E-2
34.804,0.119,-5.213E-2
34.821,0.119,-5.048E-2
34.837,0.119,-4.854E-2
34.854,0.119,-4.631E-2
34.871,0.119,-4.412E-2
34.887,0.119,-4.194E-2
34.904,0.119,-3.990E-2
34.921,0.118,-3.803E-2
34.937,0.118,-3.654E-2
34.954,0.118,-3.518E-2
34.971,0.118,-3.442E-2
34.987,0.118,-3.406E-2
35.004,0.118,-3.385E-2
35.021,0.118,-3.426E-2
35.037,0.117,-3.491E-2
35.054,0.117,-3.621E-2
35.071,0.117,-3.751E-2
35.087,0.117,-3.931E-2
35.104,0.117,-4.114E-2
35.121,0.117,-4.343E-2
35.137,0.117,-4.552E-2
35.154,0.117,-4.761E-2
35.171,0.117,-4.954E-2
35.187,0.117,-5.123E-2
35.204,0.117,-5.242E-2
35.221,0.117,-5.339E-2
35.237,0.117,-5.369E-2
35.254,0.118,-5.371E-2
35.271,0.118,-5.320E-2
35.287,0.118,-5.215E-2
35.304,0.118,-5.093E-2
35.321,0.118,-4.920E-2
35.337,0.118,-4.733E-2
35.354,0.119,-4.541E-2
35.371,0.119,-4.329E-2
35.387,0.119,-4.145E-2
35.404,0.119,-3.954E-2
35.421,0.119,-3.799E-2
35.437,0.119,-3.666E-2
35.454,0.119,-3.571E-2
35.471,0.119,-3.512E-2
35.487,0.119,-3.492E-2
35.504,0.119,-3.497E-2
35.521,0.119,-3.559E-2
35.537,0.119,-3.658E-2
35.554,0.119,-3.773E-2
35.571,0.119,-3.936E-2
35.587,0.118,-4.102E-2
35.604,0.118,-4.296E-2
35.621,0.118,-4.485E-2
35.637,0.118,-4.689E-2
35.654,0.118,-4.881E-2
35.671,0.118,-5.024E-2
35.687,0.118,-5.158E-2
35.704,0.117,-5.249E-2
35.721,0.117,-5.311E-2
35.737,0.117,-5.327E-2
35.754,0.117,-5.280E-2
35.771,0.117,-5.191E-2
35.787,0.117,-5.062E-2
35.804,0.117,-4.910E-2
35.821,0.117,-4.740E-2
35.837,0.117,-4.552E-2
35.854,0.117,-4.364E-2
35.871,0.117,-4.151E-2
35.887,0.117,-3.976E-2
35.904,0.117,-3.822E-2
35.921,0.117,-3.664E-2
35.937,0.118,-3.571E-2
35.954,0.118,-3.492E-2
35.971,0.118,-3.451E-2
35.987,0.118,-3.466E-2
36.004,0.118,-3.511E-2
36.021,0.118,-3.591E-2
36.037,0.118,-3.713E-2
36.054,0.119,-3.877E-2
36.071,0.119,-4.050E-2
36.087,0.119,-4.260E-2
36.104,0.119,-4.468E-2
36.121,0.119,-4.676E-2
36.137,0.119,-4.872E-2
36.154,0.119,-5.038E-2
36.171,0.119,-5.186E-2
36.187,0.119,-5.293E-2
36.204,0.119,-5.372E-2
36.221,0.118,-5.391E-2
36.237,0.118,-5.377E-2
36.254,0.118,-5.294E-2
36.271,0.118,-5.188E-2
36.287,0.118,-5.028E-2
36.304,0.118,-4.864E-2
36.321,0.118,-4.677E-2
36.337,0.117,-4.471E-2
36.354,0.117,-4.262E-2
36.371,0.117,-4.059E-2
36.387,0.117,-3.859E-2
36.404,0.117,-3.707E-2
36.421,0.117,-3.582E-2
36.437,0.117,-3.483E-2
36.454,0.117,-3.418E-2
36.471,0.117,-3.405E-2
36.487,0.117,-3.426E-2
36.504,0.117,-3.491E-2
36.521,0.117,-3.569E-2
36.537,0.117,-3.701E-2
36.554,0.117,-3.877E-2
36.571,0.117,-4.050E-2
36.587,0.118,-4.263E-2
36.604,0.118,-4.458E-2
36.621,0.118,-4.690E-2
36.637,0.118,-4.884E-2
36.654,0.118,-5.072E-2
36.671,0.118,-5.208E-2
36.687,0.118,-5.320E-2
36.704,0.119,-5.382E-2
36.721,0.119,-5.402E-2
36.737,0.119,-5.377E-2
36.754,0.119,-5.294E-2
36.771,0.119,-5.181E-2
36.787,0.119,-5.042E-2
36.804,0.119,-4.862E-2
36.821,0.119,-4.667E-2
36.837,0.119,-4.457E-2
36.854,0.119,-4.246E-2
36.871,0.119,-4.057E-2
36.887,0.119,-3.874E-2
36.904,0.119,-3.727E-2
36.921,0.118,-3.604E-2
36.937,0.118,-3.511E-2
36.954,0.118,-3.476E-2
36.971,0.118,-3.473E-2
36.987,0.118,-3.489E-2
37.004,0.118,-3.569E-2
37.021,0.118,-3.669E-2
37.037,0.118,-3.812E-2
37.054,0.117,-3.959E-2
37.071,0.117,-4.152E-2
37.087,0.117,-4.327E-2
37.104,0.117,-4.526E-2
37.121,0.117,-4.737E-2
37.137,0.117,-4.907E-2
37.154,0.117,-5.060E-2
37.171,0.117,-5.185E-2
37.187,0.117,-5.251E-2
37.204,0.117,-5.302E-2
37.221,0.117,-5.304E-2
37.237,0.118,-5.257E-2
37.254,0.118,-5.169E-2
37.271,0.118,-5.042E-2
37.287,0.118,-4.880E-2
37.304,0.118,-4.721E-2
37.321,0.118,-4.528E-2
37.337,0.118,-4.338E-2
37.354,0.119,-4.162E-2
37.371,0.119,-3.993E-2
37.387,0.119,-3.848E-2
37.404,0.119,-3.714E-2
37.421,0.119,-3.627E-2
37.437,0.119,-3.564E-2
37.454,0.119,-3.548E-2
37.471,0.119,-3.556E-2
37.487,0.119,-3.605E-2
37.504,0.119,-3.690E-2
37.521,0.119,-3.801E-2
37.537,0.119,-3.950E-2
37.554,0.119,-4.122E-2
37.571,0.119,-4.313E-2
37.587,0.118,-4.494E-2
37.604,0.118,-4.681E-2
37.621,0.118,-4.836E-2
37.637,0.118,-4.998E-2
37.654,0.118,-5.121E-2
37.671,0.118,-5.196E-2
37.687,0.118,-5.263E-2
37.704,0.117,-5.258E-2
37.721,0.117,-5.226E-2
37.737,0.117,-5.148E-2
37.754,0.117,-5.047E-2
37.771,0.117,-4.893E-2
37.788,0.117,-4.722E-2
37.804,0.117,-4.541E-2
37.821,0.117,-4.357E-2
37.838,0.117,-4.182E-2
37.854,0.117,-3.995E-2
37.871,0.117,-3.842E-2
37.888,0.117,-3.711E-2
37.904,0.117,-3.597E-2
37.921,0.118,-3.538E-2
37.938,0.118,-3.499E-2
37.954,0.118,-3.497E-2
37.971,0.118,-3.549E-2
37.988,0.118,-3.616E-2
38.004,0.118,-3.736E-2
38.021,0.118,-3.878E-2
38.038,0.119,-4.054E-2
38.054,0.119,-4.239E-2
38.071,0.119,-4.448E-2
38.088,0.119,-4.648E-2
38.104,0.119,-4.843E-2
38.121,0.119,-5.002E-2
38.138,0.119,-5.149E-2
38.154,0.119,-5.250E-2
38.171,0.119,-5.320E-2
38.188,0.119,-5.347E-2
38.204,0.119,-5.326E-2
38.221,0.119,-5.255E-2
38.238,0.118,-5.159E-2
38.254,0.118,-5.012E-2
38.271,0.118,-4.849E-2
38.288,0.118,-4.669E-2
38.304,0.118,-4.472E-2
38.321,0.118,-4.288E-2
38.338,0.118,-4.087E-2
38.354,0.118,-3.924E-2
38.371,0.117,-3.765E-2
38.388,0.117,-3.656E-2
38.404,0.117,-3.552E-2
38.421,0.117,-3.485E-2
38.438,0.117,-3.459E-2
38.454,0.117,-3.472E-2
38.471,0.117,-3.519E-2
38.488,0.117,-3.613E-2
38.504,0.117,-3.736E-2
38.521,0.117,-3.884E-2
38.538,0.117,-4.067E-2
38.554,0.117,-4.246E-2
38.571,0.118,-4.457E-2
38.588,0.118,-4.645E-2
38.604,0.118,-4.841E-2
38.621,0.118,-5.004E-2
38.638,0.118,-5.137E-2
38.654,0.118,-5.252E-2
38.671,0.118,-5.308E-2
38.688,0.119,-5.337E-2
38.704,0.119,-5.306E-2
38.721,0.119,-5.248E-2
38.738,0.119,-5.142E-2
38.754,0.119,-4.998E-2
38.771,0.119,-4.840E-2
38.788,0.119,-4.661E-2
38.804,0.119,-4.459E-2
38.821,0.119,-4.269E-2
38.838,0.119,-4.085E-2
38.854,0.119,-3.913E-2
38.871,0.119,-3.775E-2
38.888,0.119,-3.659E-2
38.904,0.119,-3.584E-2
38.921,0.118,-3.538E-2
38.938,0.118,-3.520E-2
38.954,0.118,-3.554E-2
38.971,0.118,-3.627E-2
38.988,0.118,-3.697E-2
39.004,0.118,-3.834E-2
39.021,0.118,-3.977E-2
39.038,0.118,-4.166E-2
39.054,0.117,-4.330E-2
39.071,0.117,-4.528E-2
39.088,0.117,-4.705E-2
39.104,0.117,-4.858E-2
39.121,0.117,-4.996E-2
39.138,0.117,-5.109E-2
39.154,0.117,-5.190E-2
39.171,0.117,-5.230E-2
39.188,0.117,-5.229E-2
39.204,0.117,-5.193E-2
39.221,0.117,-5.103E-2
39.238,0.118,-4.998E-2
39.254,0.118,-4.846E-2
39.271,0.118,-4.679E-2
39.288,0.118,-4.526E-2
39.304,0.118,-4.339E-2
39.321,0.118,-4.179E-2
39.338,0.118,-4.008E-2
39.354,0.119,-3.866E-2
39.371,0.119,-3.748E-2
39.388,0.119,-3.658E-2
39.404,0.119,-3.611E-2
39.421,0.119,-3.598E-2
39.438,0.119,-3.599E-2
39.454,0.119,-3.645E-2
39.471,0.119,-3.729E-2
39.488,0.119,-3.842E-2
39.504,0.119,-3.979E-2
39.521,0.119,-4.126E-2
39.538,0.119,-4.308E-2
39.554,0.119,-4.476E-2
39.571,0.119,-4.664E-2
39.588,0.118,-4.807E-2
39.604,0.118,-4.957E-2
39.621,0.118,-5.064E-2
39.638,0.118,-5.157E-2
39.654,0.118,-5.209E-2
39.671,0.118,-5.204E-2
39.688,0.118,-5.168E-2
39.704,0.117,-5.107E-2
39.721,0.117,-4.998E-2
39.738,0.117,-4.856E-2
39.754,0.117,-4.688E-2
39.771,0.117,-4.524E-2
39.788,0.117,-4.355E-2
39.804,0.117,-4.195E-2
39.821,0.117,-4.031E-2
39.838,0.117,-3.877E-2
39.854,0.117,-3.739E-2
39.871,0.117,-3.650E-2
39.888,0.117,-3.582E-2
39.904,0.117,-3.551E-2
39.921,0.118,-3.561E-2
39.938,0.118,-3.590E-2
39.954,0.118,-3.660E-2
39.971,0.118,-3.769E-2
39.988,0.118,-3.917E-2
40.004,0.118,-4.070E-2
40.021,0.118,-4.251E-2
40.038,0.118,-4.441E-2
40.054,0.119,-4.623E-2
40.071,0.119,-4.798E-2
40.088,0.119,-4.958E-2
40.104,0.119,-5.101E-2
40.121,0.119,-5.198E-2
40.138,0.119,-5.267E-2
40.154,0.119,-5.284E-2
40.171,0.119,-5.264E-2
40.188,0.119,-5.202E-2
40.204,0.119,-5.111E-2
40.221,0.118,-4.980E-2
40.238,0.118,-4.831E-2
40.254,0.118,-4.649E-2
40.271,0.118,-4.473E-2
40.288,0.118,-4.284E-2
40.304,0.118,-4.118E-2
40.321,0.118,-3.945E-2
40.338,0.118,-3.794E-2
40.354,0.118,-3.687E-2
40.371,0.117,-3.585E-2
40.388,0.117,-3.527E-2
40.404,0.117,-3.527E-2
40.421,0.117,-3.529E-2
40.438,0.117,-3.568E-2
40.454,0.117,-3.654E-2
40.471,0.117,-3.768E-2
40.488,0.117,-3.909E-2
40.504,0.117,-4.073E-2
40.521,0.117,-4.258E-2
40.538,0.117,-4.432E-2
40.554,0.118,-4.621E-2
40.571,0.118,-4.809E-2
40.588,0.118,-4.954E-2
40.604,0.118,-5.088E-2
40.621,0.118,-5.180E-2
40.638,0.118,-5.244E-2
40.654,0.118,-5.273E-2
40.671,0.118,-5.253E-2
40.688,0.119,-5.196E-2
40.704,0.119,-5.103E-2
40.721,0.119,-4.978E-2
40.738,0.119,-4.817E-2
40.754,0.119,-4.649E-2
40.771,0.119,-4.464E-2
40.788,0.119,-4.289E-2
40.804,0.119,-4.115E-2
40.821,0.119,-3.960E-2
40.838,0.119,-3.821E-2
40.855,0.119,-3.714E-2
40.871,0.119,-3.647E-2
40.888,0.119,-3.591E-2
40.905,0.119,-3.593E-2
40.921,0.118,-3.606E-2
40.938,0.118,-3.687E-2
40.955,0.118,-3.768E-2
40.971,0.118,-3.886E-2
40.988,0.118,-4.018E-2
41.005,0.118,-4.188E-2
41.021,0.118,-4.353E-2
41.038,0.118,-4.531E-2
41.055,0.117,-4.689E-2
41.071,0.117,-4.834E-2
41.088,0.117,-4.988E-2
41.105,0.117,-5.087E-2
41.121,0.117,-5.147E-2
41.138,0.117,-5.200E-2
41.155,0.117,-5.193E-2
41.171,0.117,-5.145E-2
41.188,0.117,-5.071E-2
41.205,0.117,-4.942E-2
41.221,0.118,-4.822E-2
41.238,0.118,-4.677E-2
41.255,0.118,-4.504E-2
41.271,0.118,-4.350E-2
41.288,0.118,-4.174E-2
41.305,0.118,-4.037E-2
41.321,0.118,-3.898E-2
41.338,0.118,-3.807E-2
41.355,0.118,-3.714E-2
41.371,0.118,-3.678E-2
41.388,0.119,-3.671E-2
41.405,0.119,-3.684E-2
41.421,0.119,-3.724E-2
41.438,0.119,-3.806E-2
41.455,0.119,-3.906E-2
41.471,0.119,-4.045E-2
41.488,0.119,-4.195E-2
41.505,0.119,-4.348E-2
41.521,0.119,-4.511E-2
41.538,0.119,-4.685E-2
41.555,0.118,-4.821E-2
41.571,0.118,-4.955E-2
41.588,0.118,-5.057E-2
41.605,0.118,-5.141E-2
41.621,0.118,-5.173E-2
41.638,0.118,-5.182E-2
41.655,0.118,-5.138E-2
41.671,0.118,-5.069E-2
41.688,0.117,-4.960E-2
41.705,0.117,-4.842E-2
41.721,0.117,-4.684E-2
41.738,0.117,-4.509E-2
41.755,0.117,-4.357E-2
41.771,0.117,-4.197E-2
41.788,0.117,-4.036E-2
41.805,0.117,-3.900E-2
41.821,0.117,-3.788E-2
41.838,0.117,-3.676E-2
41.855,0.117,-3.619E-2
41.871,0.117,-3.602E-2
41.888,0.117,-3.587E-2
41.905,0.118,-3.639E-2
41.921,0.118,-3.696E-2
41.938,0.118,-3.808E-2
41.955,0.118,-3.942E-2
41.971,0.118,-4.100E-2
41.988,0.118,-4.278E-2
42.005,0.118,-4.435E-2
42.021,0.118,-4.621E-2
42.038,0.118,-4.785E-2
42.055,0.119,-4.935E-2
42.071,0.119,-5.060E-2
42.088,0.119,-5.157E-2
42.105,0.119,-5.226E-2
42.121,0.119,-5.248E-2
42.138,0.119,-5.229E-2
42.155,0.119,-5.178E-2
42.171,0.119,-5.085E-2
42.188,0.119,-4.949E-2
42.205,0.119,-4.820E-2
42.221,0.118,-4.635E-2
42.238,0.118,-4.478E-2
42.255,0.118,-4.299E-2
42.271,0.118,-4.123E-2
42.288,0.118,-3.971E-2
42.305,0.118,-3.831E-2
42.321,0.118,-3.730E-2
42.338,0.118,-3.637E-2
42.355,0.118,-3.581E-2
42.371,0.118,-3.576E-2
42.388,0.118,-3.592E-2
42.405,0.117,-3.634E-2
42.421,0.117,-3.706E-2
42.438,0.117,-3.815E-2
42.455,0.117,-3.946E-2
42.471,0.117,-4.102E-2
42.488,0.117,-4.257E-2
42.505,0.117,-4.440E-2
42.521,0.118,-4.616E-2
42.538,0.118,-4.771E-2
42.555,0.118,-4.923E-2
42.571,0.118,-5.030E-2
42.588,0.118,-5.137E-2
42.605,0.118,-5.189E-2
42.621,0.118,-5.209E-2
42.638,0.118,-5.188E-2
42.655,0.118,-5.128E-2
42.671,0.118,-5.038E-2
42.688,0.119,-4.926E-2
42.705,0.119,-4.766E-2
42.721,0.119,-4.619E-2
42.738,0.119,-4.463E-2
42.755,0.119,-4.296E-2
42.771,0.119,-4.124E-2
42.788,0.119,-3.984E-2
42.805,0.119,-3.853E-2
42.821,0.119,-3.760E-2
42.838,0.119,-3.688E-2
42.855,0.119,-3.642E-2
42.871,0.119,-3.647E-2
42.888,0.118,-3.666E-2
42.905,0.118,-3.715E-2
42.921,0.118,-3.809E-2
42.938,0.118,-3.913E-2
42.955,0.118,-4.057E-2
42.971,0.118,-4.193E-2
42.988,0.118,-4.358E-2
43.005,0.118,-4.510E-2
43.021,0.118,-4.651E-2
43.038,0.118,-4.809E-2
43.055,0.117,-4.923E-2
43.071,0.117,-5.010E-2
43.088,0.117,-5.094E-2
43.105,0.117,-5.113E-2
43.121,0.117,-5.100E-2
43.138,0.117,-5.067E-2
43.155,0.117,-4.987E-2
43.171,0.117,-4.895E-2
43.188,0.117,-4.767E-2
43.205,0.117,-4.618E-2
43.221,0.118,-4.478E-2
43.238,0.118,-4.310E-2
43.255,0.118,-4.178E-2
43.271,0.118,-4.031E-2
43.288,0.118,-3.912E-2
43.305,0.118,-3.809E-2
43.321,0.118,-3.742E-2
43.338,0.118,-3.701E-2
43.355,0.118,-3.690E-2
43.371,0.118,-3.710E-2
43.388,0.119,-3.759E-2
43.405,0.119,-3.834E-2
43.421,0.119,-3.940E-2
43.438,0.119,-4.074E-2
43.455,0.119,-4.217E-2
43.471,0.119,-4.373E-2
43.488,0.119,-4.523E-2
43.505,0.119,-4.672E-2
43.521,0.119,-4.807E-2
43.538,0.119,-4.935E-2
43.555,0.118,-5.033E-2
43.571,0.118,-5.103E-2
43.588,0.118,-5.131E-2
43.605,0.118,-5.123E-2
43.621,0.118,-5.099E-2
43.638,0.118,-5.022E-2
43.655,0.118,-4.924E-2
43.671,0.118,-4.798E-2
43.688,0.118,-4.661E-2
43.705,0.118,-4.495E-2
43.721,0.117,-4.326E-2
43.738,0.117,-4.165E-2
43.755,0.117,-4.019E-2
43.771,0.117,-3.888E-2
43.788,0.117,-3.777E-2
43.805,0.118,-3.697E-2
43.821,0.118,-3.637E-2
43.838,0.118,-3.619E-2
43.855,0.118,-3.631E-2
43.872,0.118,-3.675E-2
43.888,0.118,-3.733E-2
43.905,0.118,-3.844E-2
43.922,0.118,-3.954E-2
43.938,0.118,-4.103E-2
43.955,0.118,-4.263E-2
43.972,0.118,-4.428E-2
43.988,0.118,-4.587E-2
44.005,0.118,-4.755E-2
44.022,0.119,-4.909E-2
44.038,0.119,-5.024E-2
44.055,0.119,-5.118E-2
44.072,0.119,-5.173E-2
44.088,0.119,-5.204E-2
44.105,0.119,-5.185E-2
44.122,0.119,-5.133E-2
44.138,0.119,-5.043E-2
44.155,0.119,-4.926E-2
44.172,0.119,-4.779E-2
44.188,0.119,-4.628E-2
44.205,0.118,-4.457E-2
44.222,0.118,-4.285E-2
44.238,0.118,-4.142E-2
44.255,0.118,-3.985E-2
44.272,0.118,-3.849E-2
44.288,0.118,-3.752E-2
44.305,0.118,-3.669E-2
44.322,0.118,-3.641E-2
44.338,0.118,-3.610E-2
44.355,0.118,-3.624E-2
44.372,0.118,-3.674E-2
44.388,0.117,-3.744E-2
44.405,0.117,-3.841E-2
44.422,0.117,-3.956E-2
44.438,0.117,-4.118E-2
44.455,0.117,-4.275E-2
44.472,0.117,-4.436E-2
44.488,0.117,-4.599E-2
44.505,0.117,-4.749E-2
44.522,0.117,-4.896E-2
44.538,0.117,-4.995E-2
44.555,0.118,-5.080E-2
44.572,0.118,-5.134E-2
44.588,0.118,-5.146E-2
44.605,0.118,-5.129E-2
44.622,0.118,-5.069E-2
44.638,0.118,-4.991E-2
44.655,0.118,-4.870E-2
44.672,0.118,-4.749E-2
44.688,0.118,-4.589E-2
44.705,0.118,-4.435E-2
44.722,0.119,-4.293E-2
44.738,0.119,-4.138E-2
44.755,0.119,-4.012E-2
44.772,0.119,-3.894E-2
44.788,0.119,-3.806E-2
44.805,0.118,-3.742E-2
44.822,0.118,-3.702E-2
44.838,0.118,-3.700E-2
44.855,0.118,-3.713E-2
44.872,0.118,-3.773E-2
44.888,0.118,-3.873E-2
44.905,0.118,-3.975E-2
44.922,0.118,-4.112E-2
44.938,0.118,-4.242E-2
44.955,0.118,-4.381E-2
44.972,0.118,-4.544E-2
44.988,0.118,-4.672E-2
45.005,0.118,-4.804E-2
45.022,0.118,-4.918E-2
45.038,0.117,-4.999E-2
45.055,0.117,-5.041E-2
45.072,0.117,-5.059E-2
45.088,0.117,-5.065E-2
45.105,0.117,-5.012E-2
45.122,0.117,-4.940E-2
45.138,0.117,-4.843E-2
45.155,0.117,-4.726E-2
45.172,0.117,-4.593E-2
45.188,0.117,-4.455E-2
45.205,0.117,-4.303E-2
45.222,0.118,-4.179E-2
45.238,0.118,-4.045E-2
45.255,0.118,-3.929E-2
45.272,0.118,-3.854E-2
45.288,0.118,-3.786E-2
45.305,0.118,-3.746E-2
45.322,0.118,-3.744E-2
45.338,0.118,-3.754E-2
45.355,0.118,-3.814E-2
45.372,0.118,-3.895E-2
45.388,0.118,-3.994E-2
45.405,0.119,-4.118E-2
45.422,0.118,-4.256E-2
45.438,0.118,-4.400E-2
45.455,0.119,-4.559E-2
45.472,0.118,-4.695E-2
45.488,0.118,-4.822E-2
45.505,0.118,-4.932E-2
45.522,0.118,-5.026E-2
45.538,0.118,-5.071E-2
45.555,0.118,-5.090E-2
45.572,0.118,-5.094E-2
45.588,0.118,-5.050E-2
45.605,0.118,-4.977E-2
45.622,0.118,-4.871E-2
45.638,0.118,-4.757E-2
45.655,0.118,-4.608E-2
45.672,0.118,-4.461E-2
45.688,0.118,-4.321E-2
45.705,0.117,-4.163E-2
45.722,0.117,-4.025E-2
45.738,0.117,-3.902E-2
45.755,0.117,-3.796E-2
45.772,0.117,-3.709E-2
45.788,0.117,-3.668E-2
45.805,0.117,-3.637E-2
45.822,0.117,-3.655E-2
45.838,0.118,-3.697E-2
45.855,0.118,-3.766E-2
45.872,0.118,-3.853E-2
45.888,0.118,-3.971E-2
45.905,0.118,-4.123E-2
45.922,0.118,-4.256E-2
45.938,0.118,-4.428E-2
45.955,0.118,-4.590E-2
45.972,0.118,-4.729E-2
45.988,0.118,-4.873E-2
46.005,0.118,-4.984E-2
46.022,0.118,-5.077E-2
46.038,0.119,-5.142E-2
46.055,0.119,-5.143E-2
46.072,0.119,-5.128E-2
46.088,0.119,-5.075E-2
46.105,0.119,-4.997E-2
46.122,0.119,-4.892E-2
46.138,0.119,-4.751E-2
46.155,0.119,-4.601E-2
46.172,0.119,-4.442E-2
46.188,0.119,-4.290E-2
46.205,0.118,-4.137E-2
46.222,0.118,-4.000E-2
46.238,0.118,-3.894E-2
46.255,0.118,-3.791E-2
46.272,0.118,-3.707E-2
46.288,0.118,-3.679E-2
46.305,0.118,-3.658E-2
46.322,0.118,-3.686E-2
46.338,0.118,-3.725E-2
46.355,0.118,-3.800E-2
46.372,0.118,-3.915E-2
46.388,0.118,-4.030E-2
46.405,0.117,-4.154E-2
46.422,0.117,-4.295E-2
46.438,0.117,-4.432E-2
46.455,0.117,-4.582E-2
46.472,0.117,-4.723E-2
46.488,0.117,-4.853E-2
46.505,0.117,-4.949E-2
46.522,0.118,-5.027E-2
46.538,0.118,-5.065E-2
46.555,0.118,-5.083E-2
46.572,0.118,-5.065E-2
46.588,0.118,-5.010E-2
46.605,0.118,-4.936E-2
46.622,0.118,-4.825E-2
46.638,0.118,-4.706E-2
46.655,0.118,-4.569E-2
46.672,0.118,-4.437E-2
46.688,0.118,-4.283E-2
46.705,0.118,-4.156E-2
46.722,0.118,-4.020E-2
46.738,0.118,-3.921E-2
46.755,0.119,-3.847E-2
46.772,0.119,-3.794E-2
46.788,0.119,-3.762E-2
46.805,0.118,-3.759E-2
46.822,0.118,-3.781E-2
46.838,0.118,-3.833E-2
46.855,0.118,-3.907E-2
46.872,0.118,-4.021E-2
46.889,0.118,-4.140E-2
46.905,0.118,-4.282E-2
46.922,0.118,-4.418E-2
46.939,0.118,-4.547E-2
46.955,0.118,-4.674E-2
46.972,0.118,-4.807E-2
46.989,0.118,-4.891E-2
47.005,0.118,-4.976E-2
47.022,0.118,-5.018E-2
47.039,0.117,-5.026E-2
47.055,0.117,-5.006E-2
47.072,0.117,-4.961E-2
47.089,0.117,-4.904E-2
47.105,0.117,-4.802E-2
47.122,0.117,-4.682E-2
47.139,0.117,-4.561E-2
47.155,0.117,-4.425E-2
47.172,0.117,-4.272E-2
47.189,0.117,-4.149E-2
47.205,0.118,-4.034E-2
47.222,0.118,-3.935E-2
47.239,0.118,-3.839E-2
47.255,0.118,-3.789E-2
47.272,0.118,-3.749E-2
47.289,0.118,-3.757E-2
47.305,0.118,-3.789E-2
47.322,0.118,-3.830E-2
47.339,0.118,-3.912E-2
47.355,0.118,-4.019E-2
47.372,0.118,-4.137E-2
47.389,0.118,-4.277E-2
47.405,0.118,-4.407E-2
47.422,0.118,-4.540E-2
47.439,0.119,-4.676E-2
47.455,0.118,-4.794E-2
47.472,0.118,-4.903E-2
47.489,0.118,-4.975E-2
47.505,0.118,-5.027E-2
47.522,0.118,-5.045E-2
47.539,0.118,-5.049E-2
47.555,0.118,-4.999E-2
47.572,0.118,-4.916E-2
47.589,0.118,-4.835E-2
47.605,0.118,-4.711E-2
47.622,0.118,-4.569E-2
47.639,0.118,-4.457E-2
47.655,0.118,-4.309E-2
47.672,0.118,-4.160E-2
47.689,0.118,-4.032E-2
47.705,0.118,-3.908E-2
47.722,0.118,-3.807E-2
47.739,0.118,-3.754E-2
47.755,0.118,-3.707E-2
47.772,0.118,-3.690E-2
47.789,0.117,-3.702E-2
47.805,0.118,-3.746E-2
47.822,0.118,-3.811E-2
47.839,0.118,-3.903E-2
47.855,0.118,-4.023E-2
47.872,0.118,-4.138E-2
47.889,0.118,-4.297E-2
47.905,0.118,-4.449E-2
47.922,0.118,-4.618E-2
47.939,0.118,-4.746E-2
47.955,0.118,-4.871E-2
47.972,0.118,-4.995E-2
47.989,0.118,-5.058E-2
48.005,0.118,-5.114E-2
48.022,0.118,-5.130E-2
48.039,0.118,-5.114E-2
48.055,0.118,-5.060E-2
48.072,0.118,-4.986E-2
48.089,0.118,-4.877E-2
48.105,0.118,-4.756E-2
48.122,0.118,-4.603E-2
48.139,0.118,-4.457E-2
48.155,0.118,-4.315E-2
48.172,0.118,-4.169E-2
48.189,0.118,-4.027E-2
48.205,0.118,-3.910E-2
48.222,0.118,-3.835E-2
48.239,0.118,-3.755E-2
48.255,0.118,-3.720E-2
48.272,0.118,-3.702E-2
48.289,0.118,-3.714E-2
48.305,0.118,-3.779E-2
48.322,0.118,-3.844E-2
48.339,0.118,-3.928E-2
48.355,0.118,-4.044E-2
48.372,0.118,-4.183E-2
48.389,0.118,-4.322E-2
48.405,0.117,-4.457E-2
48.422,0.117,-4.592E-2
48.439,0.117,-4.717E-2
48.455,0.118,-4.830E-2
48.472,0.117,-4.919E-2
48.489,0.118,-4.992E-2
48.505,0.118,-5.035E-2
48.522,0.118,-5.038E-2
48.539,0.118,-5.027E-2
48.555,0.118,-4.971E-2
48.572,0.118,-4.889E-2
48.589,0.118,-4.786E-2
48.605,0.118,-4.677E-2
48.622,0.118,-4.544E-2
48.639,0.118,-4.416E-2
48.655,0.118,-4.279E-2
48.672,0.118,-4.161E-2
48.689,0.118,-4.044E-2
48.705,0.118,-3.948E-2
48.722,0.118,-3.879E-2
48.739,0.118,-3.832E-2
48.755,0.118,-3.809E-2
48.772,0.118,-3.810E-2
48.789,0.118,-3.834E-2
48.805,0.118,-3.893E-2
48.822,0.118,-3.958E-2
48.839,0.118,-4.053E-2
48.855,0.118,-4.162E-2
48.872,0.118,-4.309E-2
48.889,0.118,-4.427E-2
48.905,0.118,-4.558E-2
48.922,0.118,-4.691E-2
48.939,0.118,-4.792E-2
48.955,0.118,-4.879E-2
48.972,0.118,-4.956E-2
48.989,0.118,-4.996E-2
49.005,0.118,-4.999E-2
49.022,0.118,-4.971E-2
49.039,0.118,-4.918E-2
49.055,0.118,-4.846E-2
49.072,0.118,-4.749E-2
49.089,0.118,-4.634E-2
49.105,0.118,-4.506E-2
49.122,0.118,-4.380E-2
49.139,0.118,-4.253E-2
49.155,0.118,-4.132E-2
49.172,0.118,-4.028E-2
49.189,0.118,-3.939E-2
49.205,0.118,-3.866E-2
49.222,0.118,-3.800E-2
49.239,0.118,-3.784E-2
49.255,0.118,-3.795E-2
49.272,0.118,-3.824E-2
49.289,0.118,-3.884E-2
49.305,0.118,-3.952E-2
49.322,0.118,-4.055E-2
49.339,0.118,-4.172E-2
49.355,0.118,-4.307E-2
49.372,0.118,-4.434E-2
49.389,0.118,-4.580E-2
49.405,0.118,-4.691E-2
49.422,0.118,-4.811E-2
49.439,0.118,-4.907E-2
49.455,0.118,-4.981E-2
49.472,0.118,-5.024E-2
49.489,0.118,-5.045E-2
49.505,0.118,-5.017E-2
49.522,0.118,-4.983E-2
49.539,0.118,-4.910E-2
49.555,0.118,-4.814E-2
49.572,0.118,-4.697E-2
49.589,0.118,-4.587E-2
49.605,0.118,-4.441E-2
49.622,0.118,-4.296E-2
49.639,0.118,-4.178E-2
49.655,0.118,-4.046E-2
49.672,0.118,-3.938E-2
49.689,0.118,-3.846E-2
49.705,0.118,-3.779E-2
49.722,0.118,-3.739E-2
49.739,0.118,-3.725E-2
49.755,0.118,-3.737E-2
49.772,0.118,-3.780E-2
49.789,0.118,-3.852E-2
49.805,0.118,-3.936E-2
49.822,0.118,-4.054E-2
49.839,0.118,-4.182E-2
49.855,0.118,-4.321E-2
49.872,0.118,-4.467E-2
49.889,0.118,-4.585E-2
49.906,0.118,-4.727E-2
49.922,0.118,-4.850E-2
49.939,0.118,-4.955E-2
49.956,0.118,-5.019E-2
49.972,0.118,-5.064E-2
49.989,0.118,-5.079E-2
50.006,0.118,-5.067E-2
50.022,0.118,-5.018E-2
50.039,0.118,-4.942E-2
50.056,0.118,-4.839E-2
50.072,0.118,-4.720E-2
50.089,0.118,-4.581E-2
50.106,0.118,-4.442E-2
50.122,0.118,-4.291E-2
50.139,0.118,-4.154E-2
50.156,0.118,-4.022E-2
50.172,0.118,-3.924E-2
50.189,0.118,-3.863E-2
50.206,0.118,-3.789E-2
50.222,0.118,-3.751E-2
50.239,0.118,-3.749E-2
50.256,0.118,-3.767E-2
50.272,0.118,-3.828E-2
50.289,0.118,-3.895E-2
50.306,0.118,-3.985E-2
50.322,0.118,-4.101E-2
50.339,0.118,-4.222E-2
50.356,0.118,-4.343E-2
50.372,0.118,-4.467E-2
50.389,0.118,-4.593E-2
50.406,0.118,-4.708E-2
50.422,0.118,-4.809E-2
50.439,0.118,-4.888E-2
50.456,0.118,-4.946E-2
50.472,0.118,-4.972E-2
50.489,0.118,-4.981E-2
50.506,0.118,-4.959E-2
50.522,0.118,-4.912E-2
50.539,0.118,-4.838E-2
50.556,0.118,-4.751E-2
50.572,0.118,-4.633E-2
50.589,0.118,-4.514E-2
50.606,0.118,-4.396E-2
50.622,0.118,-4.260E-2
50.639,0.118,-4.143E-2
50.656,0.118,-4.044E-2
50.672,0.118,-3.965E-2
50.689,0.118,-3.899E-2
50.706,0.118,-3.861E-2
50.722,0.118,-3.836E-2
50.739,0.118,-3.837E-2
50.756,0.118,-3.866E-2
50.772,0.118,-3.919E-2
50.789,0.118,-3.996E-2
50.806,0.118,-4.100E-2
50.822,0.118,-4.202E-2
50.839,0.118,-4.316E-2
50.856,0.118,-4.451E-2
50.872,0.118,-4.565E-2
50.889,0.118,-4.675E-2
50.906,0.118,-4.771E-2
50.922,0.118,-4.846E-2
50.939,0.118,-4.916E-2
50.956,0.118,-4.938E-2
50.972,0.118,-4.945E-2
50.989,0.118,-4.916E-2
51.006,0.118,-4.878E-2
51.022,0.118,-4.800E-2
51.039,0.118,-4.709E-2
51.056,0.118,-4.597E-2
51.072,0.118,-4.474E-2
51.089,0.118,-4.362E-2
51.106,0.118,-4.240E-2
51.122,0.118,-4.125E-2
51.139,0.118,-4.032E-2
51.156,0.118,-3.944E-2
51.172,0.118,-3.882E-2
51.189,0.118,-3.842E-2
51.206,0.118,-3.808E-2
51.222,0.118,-3.823E-2
51.239,0.118,-3.854E-2
51.256,0.118,-3.922E-2
51.272,0.118,-4.007E-2
51.289,0.118,-4.088E-2
51.306,0.118,-4.211E-2
51.322,0.118,-4.340E-2
51.339,0.118,-4.458E-2
51.356,0.118,-4.588E-2
51.372,0.118,-4.704E-2
51.389,0.118,-4.817E-2
51.406,0.118,-4.911E-2
51.422,0.118,-4.979E-2
51.439,0.118,-5.016E-2
51.456,0.118,-5.020E-2
51.472,0.118,-4.999E-2
51.489,0.118,-4.947E-2
51.506,0.118,-4.874E-2
51.522,0.118,-4.772E-2
51.539,0.118,-4.659E-2
51.556,0.118,-4.546E-2
51.572,0.118,-4.416E-2
51.589,0.118,-4.285E-2
51.606,0.118,-4.149E-2
51.622,0.118,-4.041E-2
51.639,0.118,-3.941E-2
51.656,0.118,-3.845E-2
51.672,0.118,-3.791E-2
51.689,0.118,-3.749E-2
51.706,0.118,-3.758E-2
51.722,0.118,-3.773E-2
51.739,0.118,-3.814E-2
51.756,0.118,-3.879E-2
51.772,0.118,-3.964E-2
51.789,0.118,-4.066E-2
51.806,0.118,-4.199E-2
51.822,0.118,-4.330E-2
51.839,0.118,-4.466E-2
51.856,0.118,-4.603E-2
51.872,0.118,-4.732E-2
51.889,0.118,-4.844E-2
51.906,0.118,-4.939E-2
51.922,0.118,-5.003E-2
51.939,0.118,-5.039E-2
51.956,0.118,-5.051E-2
51.972,0.118,-5.034E-2
51.989,0.118,-4.989E-2
52.006,0.118,-4.918E-2
52.022,0.118,-4.805E-2
52.039,0.118,-4.690E-2
52.056,0.118,-4.560E-2
52.072,0.118,-4.431E-2
52.089,0.118,-4.303E-2
52.106,0.118,-4.180E-2
52.122,0.118,-4.062E-2
52.139,0.118,-3.962E-2
52.156,0.118,-3.880E-2
52.172,0.118,-3.823E-2
52.189,0.118,-3.792E-2
52.206,0.118,-3.784E-2
52.222,0.118,-3.818E-2
52.239,0.118,-3.856E-2
52.256,0.118,-3.924E-2
52.272,0.118,-4.009E-2
52.289,0.118,-4.110E-2
52.306,0.118,-4.230E-2
52.322,0.118,-4.360E-2
52.339,0.118,-4.487E-2
52.356,0.118,-4.595E-2
52.372,0.118,-4.699E-2
52.389,0.118,-4.793E-2
52.406,0.118,-4.874E-2
52.422,0.118,-4.923E-2
52.439,0.118,-4.945E-2
52.456,0.118,-4.942E-2
52.472,0.118,-4.916E-2
52.489,0.118,-4.867E-2
52.506,0.118,-4.798E-2
52.522,0.118,-4.705E-2
52.539,0.118,-4.603E-2
52.556,0.118,-4.475E-2
52.572,0.118,-4.362E-2
52.589,0.118,-4.255E-2
52.606,0.118,-4.146E-2
52.622,0.118,-4.057E-2
52.639,0.118,-3.987E-2
52.656,0.118,-3.916E-2
52.672,0.118,-3.879E-2
52.689,0.118,-3.872E-2
52.706,0.118,-3.884E-2
52.722,0.118,-3.913E-2
52.739,0.118,-3.975E-2
52.756,0.118,-4.052E-2
52.772,0.118,-4.138E-2
52.789,0.118,-4.244E-2
52.806,0.118,-4.356E-2
52.822,0.118,-4.474E-2
52.839,0.118,-4.586E-2
52.856,0.118,-4.681E-2
52.872,0.118,-4.771E-2
52.889,0.118,-4.830E-2
52.906,0.118,-4.868E-2
52.923,0.118,-4.912E-2
52.939,0.118,-4.910E-2
52.956,0.118,-4.879E-2
52.973,0.118,-4.824E-2
52.989,0.118,-4.746E-2
53.006,0.118,-4.653E-2
53.023,0.118,-4.544E-2
53.039,0.118,-4.440E-2
53.056,0.118,-4.311E-2
53.073,0.118,-4.198E-2
53.089,0.118,-4.098E-2
53.106,0.118,-4.006E-2
53.123,0.118,-3.926E-2
53.139,0.118,-3.867E-2
53.156,0.118,-3.839E-2
53.173,0.118,-3.830E-2
53.189,0.118,-3.842E-2
53.206,0.118,-3.879E-2
53.223,0.118,-3.938E-2
53.239,0.118,-4.012E-2
53.256,0.118,-4.120E-2
53.273,0.118,-4.231E-2
53.289,0.118,-4.353E-2
53.306,0.118,-4.481E-2
53.323,0.118,-4.586E-2
53.339,0.118,-4.697E-2
53.356,0.118,-4.797E-2
53.373,0.118,-4.880E-2
53.389,0.118,-4.932E-2
53.406,0.118,-4.965E-2
53.423,0.118,-4.974E-2
53.439,0.118,-4.946E-2
53.456,0.118,-4.899E-2
53.473,0.118,-4.824E-2
53.489,0.118,-4.726E-2
53.506,0.118,-4.622E-2
53.523,0.118,-4.502E-2
53.539,0.118,-4.401E-2
53.556,0.118,-4.270E-2
53.573,0.118,-4.137E-2
53.589,0.118,-4.035E-2
53.606,0.118,-3.935E-2
53.623,0.118,-3.859E-2
53.639,0.118,-3.808E-2
53.656,0.118,-3.775E-2
53.673,0.118,-3.769E-2
53.689,0.118,-3.787E-2
53.706,0.118,-3.828E-2
53.723,0.118,-3.895E-2
53.739,0.118,-3.987E-2
53.756,0.118,-4.077E-2
53.773,0.118,-4.194E-2
53.789,0.118,-4.316E-2
53.806,0.118,-4.448E-2
53.823,0.118,-4.579E-2
53.839,0.118,-4.701E-2
53.856,0.118,-4.807E-2
53.873,0.118,-4.887E-2
53.889,0.118,-4.952E-2
53.906,0.118,-4.974E-2
53.923,0.118,-4.985E-2
53.939,0.118,-4.966E-2
53.956,0.118,-4.914E-2
53.973,0.118,-4.842E-2
53.989,0.118,-4.759E-2
54.006,0.118,-4.647E-2
54.023,0.118,-4.531E-2
54.039,0.118,-4.403E-2
54.056,0.118,-4.285E-2
54.073,0.118,-4.165E-2
54.089,0.118,-4.064E-2
54.106,0.118,-3.965E-2
54.123,0.118,-3.899E-2
54.139,0.118,-3.853E-2
54.156,0.118,-3.830E-2
54.173,0.118,-3.846E-2
54.189,0.118,-3.874E-2
54.206,0.118,-3.925E-2
54.223,0.118,-3.985E-2
54.239,0.118,-4.070E-2
54.256,0.118,-4.172E-2
54.273,0.118,-4.277E-2
54.289,0.118,-4.386E-2
54.306,0.118,-4.492E-2
54.323,0.118,-4.593E-2
54.339,0.118,-4.698E-2
54.356,0.118,-4.777E-2
54.373,0.118,-4.848E-2
54.389,0.118,-4.883E-2
54.406,0.118,-4.898E-2
54.423,0.118,-4.890E-2
54.439,0.118,-4.867E-2
54.456,0.118,-4.817E-2
54.473,0.118,-4.739E-2
54.489,0.118,-4.662E-2
54.506,0.118,-4.569E-2
54.523,0.118,-4.457E-2
54.539,0.118,-4.352E-2
54.556,0.118,-4.259E-2
54.573,0.118,-4.161E-2
54.589,0.118,-4.089E-2
54.606,0.118,-4.008E-2
54.623,0.118,-3.962E-2
54.639,0.118,-3.930E-2
54.656,0.118,-3.922E-2
54.673,0.118,-3.940E-2
54.689,0.118,-3.980E-2
54.706,0.118,-4.034E-2
54.723,0.118,-4.105E-2
54.739,0.118,-4.197E-2
54.756,0.118,-4.299E-2
54.773,0.118,-4.396E-2
54.789,0.118,-4.508E-2
54.806,0.118,-4.601E-2
54.823,0.118,-4.696E-2
54.839,0.118,-4.776E-2
54.856,0.118,-4.845E-2
54.873,0.118,-4.882E-2
54.889,0.118,-4.894E-2
54.906,0.118,-4.879E-2
54.923,0.118,-4.846E-2
54.939,0.118,-4.787E-2
54.956,0.118,-4.722E-2
54.973,0.118,-4.630E-2
54.989,0.118,-4.529E-2
55.006,0.118,-4.417E-2
55.023,0.118,-4.306E-2
55.039,0.118,-4.202E-2
55.056,0.118,-4.100E-2
55.073,0.118,-4.014E-2
55.089,0.118,-3.941E-2
55.106,0.118,-3.894E-2
55.123,0.118,-3.866E-2
55.139,0.118,-3.855E-2
55.156,0.118,-3.877E-2
55.173,0.118,-3.912E-2
55.189,0.118,-3.968E-2
55.206,0.118,-4.056E-2
55.223,0.118,-4.150E-2
55.239,0.118,-4.263E-2
55.256,0.118,-4.385E-2
55.273,0.118,-4.505E-2
55.289,0.118,-4.620E-2
55.306,0.118,-4.732E-2
55.323,0.118,-4.820E-2
55.339,0.118,-4.899E-2
55.356,0.118,-4.945E-2
55.373,0.118,-4.966E-2
55.389,0.118,-4.963E-2
55.406,0.118,-4.942E-2
55.423,0.118,-4.890E-2
55.439,0.118,-4.816E-2
55.456,0.118,-4.727E-2
55.473,0.118,-4.619E-2
55.489,0.118,-4.504E-2
55.506,0.118,-4.383E-2
55.523,0.118,-4.262E-2
55.539,0.118,-4.148E-2
55.556,0.118,-4.043E-2
55.573,0.118,-3.962E-2
55.589,0.118,-3.896E-2
55.606,0.118,-3.849E-2
55.623,0.118,-3.826E-2
55.639,0.118,-3.824E-2
55.656,0.118,-3.852E-2
55.673,0.118,-3.898E-2
55.689,0.118,-3.961E-2
55.706,0.118,-4.042E-2
55.723,0.118,-4.146E-2
55.739,0.118,-4.247E-2
55.756,0.118,-4.360E-2
55.773,0.118,-4.487E-2
55.789,0.118,-4.611E-2
55.806,0.118,-4.707E-2
55.823,0.118,-4.804E-2
55.839,0.118,-4.883E-2
55.856,0.118,-4.940E-2
55.873,0.118,-4.970E-2
55.889,0.118,-4.969E-2
55.906,0.118,-4.940E-2
55.923,0.118,-4.891E-2
55.940,0.118,-4.825E-2
55.956,0.118,-4.735E-2
55.973,0.118,-4.627E-2
55.990,0.118,-4.514E-2
56.006,0.118,-4.400E-2
56.023,0.118,-4.288E-2
56.040,0.118,-4.184E-2
56.056,0.118,-4.092E-2
56.073,0.118,-4.011E-2
56.090,0.118,-3.944E-2
56.106,0.118,-3.905E-2
56.123,0.118,-3.880E-2
56.140,0.118,-3.888E-2
56.156,0.118,-3.915E-2
56.173,0.118,-3.953E-2
56.190,0.118,-4.019E-2
56.206,0.118,-4.103E-2
56.223,0.118,-4.196E-2
56.240,0.118,-4.291E-2
56.256,0.118,-4.402E-2
56.273,0.118,-4.509E-2
56.290,0.118,-4.601E-2
56.306,0.118,-4.699E-2
56.323,0.118,-4.770E-2
56.340,0.118,-4.823E-2
56.356,0.118,-4.854E-2
56.373,0.118,-4.866E-2
56.390,0.118,-4.853E-2
56.406,0.118,-4.817E-2
56.423,0.118,-4.764E-2
56.440,0.118,-4.690E-2
56.456,0.118,-4.606E-2
56.473,0.118,-4.513E-2
56.490,0.118,-4.419E-2
56.506,0.118,-4.308E-2
56.523,0.118,-4.212E-2
56.540,0.118,-4.124E-2
56.556,0.118,-4.052E-2
56.573,0.118,-4.005E-2
56.590,0.118,-3.954E-2
56.606,0.118,-3.934E-2
56.623,0.118,-3.936E-2
56.640,0.118,-3.958E-2
56.656,0.118,-4.001E-2
56.673,0.118,-4.062E-2
56.690,0.118,-4.132E-2
56.706,0.118,-4.216E-2
56.723,0.118,-4.314E-2
56.740,0.118,-4.404E-2
56.756,0.118,-4.504E-2
56.773,0.118,-4.603E-2
56.790,0.118,-4.687E-2
56.806,0.118,-4.757E-2
56.823,0.118,-4.805E-2
56.840,0.118,-4.837E-2
56.856,0.118,-4.849E-2
56.873,0.118,-4.830E-2
56.890,0.118,-4.795E-2
56.906,0.118,-4.740E-2
56.923,0.118,-4.663E-2
56.940,0.118,-4.577E-2
56.956,0.118,-4.499E-2
56.973,0.118,-4.394E-2
56.990,0.118,-4.288E-2
57.006,0.118,-4.190E-2
57.023,0.118,-4.098E-2
57.040,0.118,-4.016E-2
57.056,0.118,-3.961E-2
57.073,0.118,-3.909E-2
57.090,0.118,-3.882E-2
57.106,0.118,-3.880E-2
57.123,0.118,-3.905E-2
57.140,0.118,-3.949E-2
57.156,0.118,-4.011E-2
57.173,0.118,-4.089E-2
57.190,0.118,-4.196E-2
57.206,0.118,-4.306E-2
57.223,0.118,-4.409E-2
57.240,0.118,-4.538E-2
57.256,0.118,-4.633E-2
57.273,0.118,-4.738E-2
57.290,0.118,-4.822E-2
57.306,0.118,-4.882E-2
57.323,0.118,-4.934E-2
57.340,0.118,-4.954E-2
57.356,0.118,-4.953E-2
57.373,0.118,-4.917E-2
57.390,0.118,-4.868E-2
57.406,0.118,-4.787E-2
57.423,0.118,-4.704E-2
57.440,0.118,-4.599E-2
57.456,0.118,-4.487E-2
57.473,0.118,-4.365E-2
57.490,0.118,-4.258E-2
57.506,0.118,-4.146E-2
57.523,0.118,-4.050E-2
57.540,0.118,-3.968E-2
57.556,0.118,-3.915E-2
57.573,0.118,-3.869E-2
57.590,0.118,-3.852E-2
57.606,0.118,-3.856E-2
57.623,0.118,-3.886E-2
57.640,0.118,-3.921E-2
57.656,0.118,-3.996E-2
57.673,0.118,-4.077E-2
57.690,0.118,-4.174E-2
57.706,0.118,-4.279E-2
57.723,0.118,-4.397E-2
57.740,0.118,-4.497E-2
57.756,0.118,-4.613E-2
57.773,0.118,-4.701E-2
57.790,0.118,-4.789E-2
57.806,0.118,-4.862E-2
57.823,0.118,-4.905E-2
57.840,0.118,-4.928E-2
57.856,0.118,-4.922E-2
57.873,0.118,-4.892E-2
57.890,0.118,-4.847E-2
57.906,0.118,-4.780E-2
57.923,0.118,-4.698E-2
57.940,0.118,-4.599E-2
57.956,0.118,-4.495E-2
57.973,0.118,-4.381E-2
57.990,0.118,-4.271E-2
58.006,0.118,-4.181E-2
58.023,0.118,-4.083E-2
58.040,0.118,-4.008E-2
58.056,0.118,-3.950E-2
58.073,0.118,-3.907E-2
58.090,0.118,-3.904E-2
58.106,0.118,-3.904E-2
58.123,0.118,-3.932E-2
58.140,0.118,-3.987E-2
58.156,0.118,-4.045E-2
58.173,0.118,-4.133E-2
58.190,0.118,-4.217E-2
58.206,0.118,-4.320E-2
58.223,0.118,-4.422E-2
58.240,0.118,-4.510E-2
58.256,0.118,-4.599E-2
58.273,0.118,-4.685E-2
58.290,0.118,-4.749E-2
58.306,0.118,-4.797E-2
58.323,0.118,-4.828E-2
58.340,0.118,-4.831E-2
58.356,0.118,-4.804E-2
58.373,0.118,-4.762E-2
58.390,0.118,-4.711E-2
58.406,0.118,-4.635E-2
58.423,0.118,-4.557E-2
58.440,0.118,-4.464E-2
58.456,0.118,-4.377E-2
58.473,0.118,-4.280E-2
58.490,0.118,-4.198E-2
58.506,0.118,-4.120E-2
58.523,0.118,-4.064E-2
58.540,0.118,-4.018E-2
58.556,0.118,-3.990E-2
58.573,0.118,-3.975E-2
58.590,0.118,-3.980E-2
58.606,0.118,-4.006E-2
58.623,0.118,-4.047E-2
58.640,0.118,-4.117E-2
58.656,0.118,-4.189E-2
58.673,0.118,-4.272E-2
58.690,0.118,-4.368E-2
58.706,0.118,-4.456E-2
58.723,0.118,-4.549E-2
58.740,0.118,-4.638E-2
58.756,0.118,-4.713E-2
58.773,0.118,-4.774E-2
58.790,0.118,-4.820E-2
58.806,0.118,-4.847E-2
58.823,0.118,-4.844E-2
58.840,0.118,-4.830E-2
58.856,0.118,-4.782E-2
58.873,0.118,-4.714E-2
58.890,0.118,-4.642E-2
58.906,0.118,-4.558E-2
58.923,0.118,-4.461E-2
58.940,0.118,-4.362E-2
58.957,0.118,-4.270E-2
58.973,0.118,-4.178E-2
58.990,0.118,-4.080E-2
59.007,0.118,-4.007E-2
59.023,0.118,-3.951E-2
59.040,0.118,-3.920E-2
59.057,0.118,-3.904E-2
59.073,0.118,-3.906E-2
59.090,0.118,-3.935E-2
59.107,0.118,-3.981E-2
59.123,0.118,-4.049E-2
59.140,0.118,-4.130E-2
59.157,0.118,-4.233E-2
59.173,0.118,-4.338E-2
59.190,0.118,-4.437E-2
59.207,0.118,-4.549E-2
59.223,0.118,-4.649E-2
59.240,0.118,-4.736E-2
59.257,0.118,-4.817E-2
59.273,0.118,-4.887E-2
59.290,0.118,-4.916E-2
59.307,0.118,-4.933E-2
59.323,0.118,-4.926E-2
59.340,0.118,-4.888E-2
59.357,0.118,-4.837E-2
59.373,0.118,-4.763E-2
59.390,0.118,-4.670E-2
59.407,0.118,-4.568E-2
59.423,0.118,-4.464E-2
59.440,0.118,-4.351E-2
59.457,0.118,-4.241E-2
59.473,0.118,-4.136E-2
59.490,0.118,-4.054E-2
59.507,0.118,-3.985E-2
59.523,0.118,-3.923E-2
59.540,0.118,-3.891E-2
59.557,0.118,-3.876E-2
59.573,0.118,-3.883E-2
59.590,0.118,-3.919E-2
59.607,0.118,-3.970E-2
59.623,0.118,-4.036E-2
59.640,0.118,-4.122E-2
59.657,0.118,-4.215E-2
59.673,0.118,-4.321E-2
59.690,0.118,-4.431E-2
59.707,0.118,-4.527E-2
59.723,0.118,-4.636E-2
59.740,0.118,-4.720E-2
59.757,0.118,-4.805E-2
59.773,0.118,-4.854E-2
59.790,0.118,-4.892E-2
59.807,0.118,-4.908E-2
59.823,0.118,-4.892E-2
59.840,0.118,-4.859E-2
59.857,0.118,-4.818E-2
59.873,0.118,-4.754E-2
59.890,0.118,-4.666E-2
59.907,0.118,-4.581E-2
59.923,0.118,-4.475E-2
59.940,0.118,-4.376E-2
59.957,0.118,-4.285E-2
59.973,0.118,-4.191E-2
59.990,0.118,-4.114E-2
60.007,0.118,-4.049E-2
60.023,0.118,-3.998E-2
60.040,0.118,-3.968E-2
60.057,0.118,-3.974E-2
60.073,0.118,-3.980E-2
60.090,0.118,-4.010E-2
60.107,0.118,-4.057E-2
60.123,0.118,-4.116E-2
60.140,0.118,-4.200E-2
60.157,0.118,-4.286E-2
60.173,0.118,-4.378E-2
60.190,0.118,-4.480E-2
60.207,0.118,-4.565E-2
60.223,0.118,-4.648E-2
60.240,0.118,-4.716E-2
60.257,0.118,-4.773E-2
60.273,0.118,-4.812E-2
60.290,0.118,-4.834E-2
60.307,0.118,-4.838E-2
60.323,0.118,-4.819E-2
60.340,0.118,-4.778E-2
60.357,0.118,-4.720E-2
60.373,0.118,-4.651E-2
60.390,0.118,-4.564E-2
60.407,0.118,-4.476E-2
60.423,0.118,-4.369E-2
60.440,0.118,-4.278E-2
60.457,0.118,-4.190E-2
