,mass A,,
t,x,y,
0.000,0.125,-3.630E-2
0.017,0.125,-3.178E-2
0.033,0.126,-2.736E-2
0.050,0.128,-2.387E-2
0.067,0.129,-2.126E-2
0.083,0.130,-1.976E-2
0.100,0.131,-1.926E-2
0.117,0.132,-1.988E-2
0.133,0.132,-2.131E-2
0.150,0.132,-2.396E-2
0.167,0.132,-2.768E-2
0.183,0.132,-3.196E-2
0.200,0.133,-3.688E-2
0.217,0.133,-4.264E-2
0.233,0.133,-4.865E-2
0.250,0.132,-5.457E-2
0.267,0.130,-6.019E-2
0.283,0.129,-6.511E-2
0.300,0.129,-6.911E-2
0.317,0.128,-7.224E-2
0.333,0.126,-7.404E-2
0.350,0.124,-7.435E-2
0.367,0.122,-7.326E-2
0.383,0.121,-7.075E-2
0.400,0.120,-6.708E-2
0.417,0.119,-6.260E-2
0.433,0.117,-5.748E-2
0.450,0.116,-5.185E-2
0.467,0.116,-4.601E-2
0.483,0.116,-4.007E-2
0.500,0.117,-3.473E-2
0.517,0.117,-2.976E-2
0.533,0.116,-2.572E-2
0.550,0.116,-2.243E-2
0.567,0.116,-2.030E-2
0.583,0.117,-1.905E-2
0.600,0.118,-1.862E-2
0.617,0.119,-1.926E-2
0.633,0.120,-2.115E-2
0.650,0.121,-2.381E-2
0.667,0.121,-2.780E-2
0.683,0.123,-3.260E-2
0.700,0.124,-3.935E-2
0.717,0.125,-4.304E-2
0.733,0.126,-4.896E-2
0.750,0.127,-5.483E-2
0.767,0.128,-6.036E-2
0.783,0.129,-6.427E-2
0.800,0.131,-6.818E-2
0.817,0.131,-7.124E-2
0.833,0.133,-7.290E-2
0.850,0.133,-7.277E-2
0.867,0.133,-7.150E-2
0.883,0.133,-6.895E-2
0.900,0.132,-6.500E-2
0.917,0.132,-6.042E-2
0.933,0.131,-5.528E-2
0.950,0.130,-5.070E-2
0.967,0.127,-4.435E-2
0.983,0.126,-3.863E-2
1.000,0.126,-3.352E-2
1.017,0.126,-2.983E-2
1.033,0.125,-2.597E-2
1.050,0.123,-2.269E-2
1.067,0.121,-2.128E-2
1.083,0.119,-2.006E-2
1.100,0.119,-2.022E-2
1.117,0.118,-2.107E-2
1.133,0.118,-2.305E-2
1.150,0.118,-2.621E-2
1.167,0.117,-3.001E-2
1.183,0.116,-3.485E-2
1.200,0.116,-3.587E-2
1.217,0.116,-4.646E-2
1.233,0.116,-5.089E-2
1.250,0.117,-5.590E-2
1.267,0.118,-6.109E-2
1.283,0.118,-6.539E-2
1.300,0.119,-6.825E-2
1.317,0.120,-6.982E-2
1.333,0.122,-7.125E-2
1.350,0.124,-7.068E-2
1.367,0.125,-6.868E-2
1.383,0.126,-6.610E-2
1.400,0.128,-6.195E-2
1.417,0.129,-5.780E-2
1.433,0.130,-5.165E-2
1.450,0.131,-4.693E-2
1.467,0.132,-4.206E-2
1.483,0.132,-3.709E-2
1.500,0.132,-3.241E-2
1.517,0.132,-2.821E-2
1.533,0.133,-2.460E-2
1.550,0.133,-2.224E-2
1.567,0.133,-2.084E-2
1.583,0.133,-2.060E-2
1.600,0.133,-2.060E-2
1.617,0.131,-2.292E-2
1.633,0.130,-2.529E-2
1.650,0.130,-2.871E-2
1.667,0.130,-3.294E-2
1.684,0.129,-3.772E-2
1.700,0.127,-4.328E-2
1.717,0.125,-4.888E-2
1.734,0.124,-5.462E-2
1.750,0.123,-5.963E-2
1.767,0.122,-6.402E-2
1.784,0.121,-6.782E-2
1.800,0.120,-7.067E-2
1.817,0.118,-7.206E-2
1.834,0.118,-7.217E-2
1.850,0.118,-7.075E-2
1.867,0.117,-6.829E-2
1.884,0.117,-6.475E-2
1.900,0.117,-6.018E-2
1.917,0.117,-5.540E-2
1.934,0.118,-5.017E-2
1.950,0.119,-4.450E-2
1.967,0.120,-3.919E-2
1.984,0.121,-3.384E-2
2.000,0.122,-2.951E-2
2.017,0.122,-2.600E-2
2.034,0.123,-2.331E-2
2.050,0.125,-2.130E-2
2.067,0.126,-2.029E-2
2.084,0.127,-2.018E-2
2.100,0.128,-2.098E-2
2.117,0.129,-2.320E-2
2.134,0.129,-2.608E-2
2.150,0.130,-2.982E-2
2.167,0.131,-3.423E-2
2.184,0.132,-3.940E-2
2.200,0.133,-4.509E-2
2.217,0.132,-5.094E-2
2.234,0.132,-5.658E-2
2.250,0.132,-6.166E-2
2.267,0.132,-6.612E-2
2.284,0.132,-6.958E-2
2.300,0.131,-7.203E-2
2.317,0.130,-7.329E-2
2.334,0.128,-7.307E-2
2.350,0.127,-7.131E-2
2.367,0.126,-6.831E-2
2.384,0.125,-6.424E-2
2.400,0.124,-5.968E-2
2.417,0.122,-5.458E-2
2.434,0.121,-4.893E-2
2.450,0.120,-4.326E-2
2.467,0.119,-3.834E-2
2.484,0.119,-3.334E-2
2.500,0.118,-2.936E-2
2.517,0.118,-2.570E-2
2.534,0.117,-2.278E-2
2.550,0.116,-2.113E-2
2.567,0.116,-2.024E-2
2.584,0.117,-2.026E-2
2.600,0.117,-2.164E-2
2.617,0.118,-2.366E-2
2.634,0.118,-2.695E-2
2.650,0.118,-3.100E-2
2.667,0.119,-3.577E-2
2.684,0.120,-4.178E-2
2.700,0.120,-4.621E-2
2.717,0.121,-5.179E-2
2.734,0.122,-5.738E-2
2.750,0.123,-6.224E-2
2.767,0.124,-6.646E-2
2.784,0.126,-6.963E-2
2.800,0.129,-7.154E-2
2.817,0.133,-5.823E-2
2.834,0.132,-6.639E-2
2.850,0.131,-6.925E-2
2.867,0.132,-6.181E-2
2.884,0.131,-3.763E-2
2.900,0.132,-4.807E-2
2.917,0.132,-5.294E-2
2.934,0.132,-4.235E-2
2.950,0.132,-4.206E-2
2.967,0.130,-2.862E-2
2.984,0.130,-3.219E-2
3.000,0.129,-2.475E-2
3.017,0.129,-2.490E-2
3.034,0.128,-2.318E-2
3.050,0.127,-2.203E-2
3.067,0.125,-2.175E-2
3.084,0.125,-2.261E-2
3.100,0.124,-2.418E-2
3.117,0.123,-2.661E-2
3.134,0.122,-2.976E-2
3.150,0.121,-3.448E-2
3.167,0.120,-3.834E-2
3.184,0.118,-4.335E-2
3.200,0.118,-4.822E-2
3.217,0.118,-5.365E-2
3.234,0.118,-5.838E-2
3.250,0.117,-6.295E-2
3.267,0.117,-6.582E-2
3.284,0.118,-6.825E-2
3.300,0.118,-6.868E-2
3.317,0.120,-6.753E-2
3.334,0.121,-6.567E-2
3.350,0.122,-6.410E-2
3.367,0.123,-6.195E-2
3.384,0.124,-5.809E-2
3.400,0.126,-5.308E-2
3.417,0.126,-4.807E-2
3.434,0.128,-4.464E-2
3.450,0.129,-3.920E-2
3.467,0.130,-3.477E-2
3.484,0.130,-3.033E-2
3.500,0.131,-2.633E-2
3.517,0.132,-2.346E-2
3.534,0.133,-2.146E-2
3.550,0.133,-2.046E-2
3.567,0.133,-2.218E-2
3.584,0.133,-2.275E-2
3.600,0.132,-2.504E-2
3.617,0.133,-2.862E-2
3.634,0.133,-3.148E-2
3.650,0.132,-3.634E-2
3.667,0.132,-4.092E-2
3.684,0.131,-4.664E-2
3.700,0.130,-5.108E-2
3.717,0.129,-5.680E-2
3.734,0.127,-6.109E-2
3.750,0.127,-6.410E-2
3.767,0.126,-6.753E-2
3.784,0.124,-6.925E-2
3.800,0.122,-6.939E-2
3.817,0.122,-6.954E-2
3.834,0.122,-6.825E-2
3.850,0.120,-6.496E-2
3.867,0.119,-6.124E-2
3.884,0.118,-5.709E-2
3.900,0.118,-5.194E-2
3.917,0.118,-4.650E-2
3.934,0.118,-4.235E-2
3.950,0.119,-3.777E-2
3.967,0.120,-3.291E-2
3.984,0.119,-2.919E-2
4.000,0.120,-2.590E-2
4.017,0.121,-2.289E-2
4.034,0.122,-2.118E-2
4.050,0.122,-2.089E-2
4.067,0.124,-2.175E-2
4.084,0.125,-2.318E-2
4.100,0.125,-2.561E-2
4.117,0.126,-2.876E-2
4.134,0.127,-3.434E-2
4.150,0.127,-3.763E-2
4.167,0.129,-4.235E-2
4.184,0.130,-4.879E-2
4.200,0.131,-5.394E-2
4.217,0.131,-5.895E-2
4.234,0.132,-6.410E-2
4.250,0.132,-6.725E-2
4.267,0.133,-6.996E-2
4.284,0.132,-7.140E-2
4.300,0.131,-7.154E-2
4.317,0.131,-7.068E-2
4.334,0.130,-6.868E-2
4.350,0.130,-6.524E-2
4.367,0.129,-6.138E-2
4.384,0.128,-5.637E-2
4.400,0.126,-5.136E-2
4.417,0.126,-4.650E-2
4.434,0.125,-4.149E-2
4.450,0.123,-3.663E-2
4.467,0.123,-3.205E-2
4.484,0.122,-2.819E-2
4.500,0.120,-2.518E-2
4.517,0.119,-2.246E-2
4.534,0.119,-2.203E-2
4.550,0.118,-2.218E-2
4.567,0.118,-2.246E-2
4.584,0.117,-2.447E-2
4.600,0.117,-2.747E-2
4.617,0.117,-3.148E-2
4.634,0.117,-3.648E-2
4.650,0.117,-3.963E-2
4.667,0.117,-4.636E-2
4.684,0.118,-5.094E-2
4.700,0.119,-5.623E-2
4.717,0.120,-6.181E-2
4.734,0.121,-6.510E-2
4.750,0.122,-6.753E-2
4.767,0.123,-6.725E-2
4.784,0.125,-6.853E-2
4.800,0.127,-6.968E-2
4.817,0.128,-6.868E-2
4.834,0.129,-6.582E-2
4.850,0.130,-6.224E-2
4.867,0.131,-5.795E-2
4.884,0.132,-5.380E-2
4.900,0.132,-4.965E-2
4.917,0.132,-4.461E-2
4.934,0.132,-3.975E-2
4.951,0.132,-3.500E-2
4.967,0.132,-3.100E-2
4.984,0.132,-2.750E-2
5.001,0.132,-2.487E-2
5.017,0.131,-2.322E-2
5.034,0.130,-2.253E-2
5.051,0.129,-2.277E-2
5.067,0.129,-2.390E-2
5.084,0.128,-2.583E-2
5.101,0.127,-2.858E-2
5.117,0.126,-3.193E-2
5.134,0.125,-3.633E-2
5.151,0.123,-4.124E-2
5.167,0.122,-4.632E-2
5.184,0.121,-5.140E-2
5.201,0.120,-5.598E-2
5.217,0.119,-6.044E-2
5.234,0.118,-6.412E-2
5.251,0.118,-6.706E-2
5.267,0.117,-6.880E-2
5.284,0.117,-6.946E-2
5.301,0.117,-6.894E-2
5.317,0.118,-6.701E-2
5.334,0.118,-6.406E-2
5.351,0.119,-6.040E-2
5.367,0.120,-5.614E-2
5.384,0.121,-5.121E-2
5.401,0.122,-4.620E-2
5.417,0.123,-4.121E-2
5.434,0.124,-3.647E-2
5.451,0.125,-3.241E-2
5.467,0.126,-2.887E-2
5.484,0.127,-2.582E-2
5.501,0.128,-2.367E-2
5.517,0.129,-2.250E-2
5.534,0.130,-2.218E-2
5.551,0.131,-2.291E-2
5.567,0.131,-2.444E-2
5.584,0.131,-2.672E-2
5.601,0.132,-3.016E-2
5.617,0.133,-3.426E-2
5.634,0.133,-3.874E-2
5.651,0.133,-4.387E-2
5.667,0.132,-4.910E-2
5.684,0.132,-5.415E-2
5.701,0.131,-5.898E-2
5.717,0.130,-6.308E-2
5.734,0.129,-6.643E-2
5.751,0.128,-6.885E-2
5.767,0.127,-7.015E-2
5.784,0.125,-6.994E-2
5.801,0.124,-6.861E-2
5.817,0.123,-6.607E-2
5.834,0.121,-6.270E-2
5.851,0.120,-5.866E-2
5.867,0.119,-5.399E-2
5.884,0.119,-4.909E-2
5.901,0.118,-4.422E-2
5.917,0.118,-3.992E-2
5.934,0.118,-3.548E-2
5.951,0.118,-3.205E-2
5.967,0.118,-2.833E-2
5.984,0.118,-2.590E-2
6.001,0.118,-2.318E-2
6.017,0.119,-2.289E-2
6.034,0.120,-2.246E-2
6.051,0.121,-2.375E-2
6.067,0.120,-2.532E-2
6.084,0.121,-2.904E-2
6.101,0.122,-3.262E-2
6.117,0.123,-3.520E-2
6.134,0.124,-3.972E-2
6.151,0.125,-4.473E-2
6.167,0.126,-5.008E-2
6.184,0.126,-5.529E-2
6.201,0.127,-5.997E-2
6.217,0.129,-6.409E-2
6.234,0.130,-6.737E-2
6.251,0.131,-6.972E-2
6.267,0.131,-7.107E-2
6.284,0.131,-7.106E-2
6.301,0.131,-6.974E-2
6.317,0.132,-6.730E-2
6.334,0.131,-6.385E-2
6.351,0.131,-5.960E-2
6.367,0.130,-5.508E-2
6.384,0.129,-5.018E-2
6.401,0.129,-4.506E-2
6.417,0.128,-4.007E-2
6.434,0.127,-3.530E-2
6.451,0.127,-3.126E-2
6.467,0.126,-2.811E-2
6.484,0.124,-2.559E-2
6.501,0.123,-2.410E-2
6.517,0.122,-2.373E-2
6.534,0.121,-2.399E-2
6.551,0.121,-2.517E-2
6.567,0.120,-2.732E-2
6.584,0.119,-2.999E-2
6.601,0.118,-3.343E-2
6.617,0.118,-3.801E-2
6.634,0.117,-4.256E-2
6.651,0.117,-4.721E-2
6.667,0.117,-5.213E-2
6.684,0.117,-5.679E-2
6.701,0.118,-6.103E-2
6.717,0.118,-6.456E-2
6.734,0.119,-6.735E-2
6.751,0.120,-6.898E-2
6.767,0.121,-6.963E-2
6.784,0.122,-6.912E-2
6.801,0.123,-6.733E-2
6.817,0.125,-6.454E-2
6.834,0.126,-6.110E-2
6.851,0.128,-5.694E-2
6.867,0.129,-5.235E-2
6.884,0.130,-4.770E-2
6.901,0.130,-4.302E-2
6.917,0.131,-3.866E-2
6.934,0.132,-3.442E-2
6.951,0.132,-3.108E-2
6.967,0.133,-2.828E-2
6.984,0.133,-2.636E-2
7.001,0.133,-2.527E-2
7.017,0.132,-2.507E-2
7.034,0.132,-2.560E-2
7.051,0.132,-2.708E-2
7.067,0.131,-2.934E-2
7.084,0.131,-3.244E-2
7.101,0.130,-3.634E-2
7.117,0.129,-4.071E-2
7.134,0.127,-4.545E-2
7.151,0.126,-5.005E-2
7.167,0.125,-5.480E-2
7.184,0.124,-5.895E-2
7.201,0.123,-6.263E-2
7.217,0.122,-6.585E-2
7.234,0.120,-6.794E-2
7.251,0.120,-6.900E-2
7.267,0.119,-6.898E-2
7.284,0.118,-6.761E-2
7.301,0.118,-6.532E-2
7.317,0.117,-6.213E-2
7.334,0.118,-5.820E-2
7.351,0.118,-5.385E-2
7.367,0.119,-4.926E-2
7.384,0.119,-4.460E-2
7.401,0.120,-3.992E-2
7.417,0.121,-3.568E-2
7.434,0.122,-3.199E-2
7.451,0.123,-2.889E-2
7.467,0.124,-2.648E-2
7.484,0.125,-2.490E-2
7.501,0.126,-2.418E-2
7.517,0.127,-2.423E-2
7.534,0.128,-2.517E-2
7.551,0.129,-2.724E-2
7.567,0.129,-3.013E-2
7.584,0.130,-3.369E-2
7.601,0.131,-3.812E-2
7.617,0.131,-4.285E-2
7.634,0.132,-4.788E-2
7.651,0.132,-5.281E-2
7.667,0.132,-5.754E-2
7.684,0.132,-6.186E-2
7.701,0.132,-6.550E-2
7.717,0.131,-6.824E-2
7.734,0.131,-7.007E-2
7.751,0.130,-7.057E-2
7.767,0.129,-6.980E-2
7.784,0.128,-6.787E-2
7.801,0.126,-6.500E-2
7.817,0.125,-6.124E-2
7.834,0.124,-5.721E-2
7.851,0.122,-5.260E-2
7.867,0.122,-4.767E-2
7.884,0.121,-4.283E-2
7.901,0.120,-3.830E-2
7.917,0.119,-3.410E-2
7.934,0.119,-3.066E-2
7.951,0.118,-2.759E-2
7.967,0.118,-2.562E-2
7.984,0.118,-2.432E-2
8.001,0.118,-2.376E-2
8.017,0.118,-2.416E-2
8.034,0.118,-2.561E-2
8.051,0.118,-2.793E-2
8.067,0.119,-3.085E-2
8.084,0.119,-3.450E-2
8.101,0.120,-3.831E-2
8.117,0.121,-4.319E-2
8.134,0.121,-4.806E-2
8.151,0.122,-5.297E-2
8.167,0.123,-5.742E-2
8.184,0.124,-6.150E-2
8.201,0.126,-6.502E-2
8.218,0.127,-6.761E-2
8.234,0.128,-6.934E-2
8.251,0.129,-7.000E-2
8.268,0.130,-6.928E-2
8.284,0.130,-6.744E-2
8.301,0.131,-6.475E-2
8.318,0.131,-6.113E-2
8.334,0.131,-5.700E-2
8.351,0.131,-5.251E-2
8.368,0.131,-4.778E-2
8.384,0.131,-4.302E-2
8.401,0.130,-3.847E-2
8.418,0.130,-3.434E-2
8.434,0.129,-3.094E-2
8.451,0.128,-2.819E-2
8.468,0.127,-2.639E-2
8.484,0.127,-2.540E-2
8.501,0.126,-2.526E-2
8.518,0.125,-2.586E-2
8.534,0.124,-2.734E-2
8.551,0.123,-2.967E-2
8.568,0.122,-3.266E-2
8.584,0.121,-3.662E-2
8.601,0.120,-4.094E-2
8.618,0.119,-4.554E-2
8.634,0.119,-5.023E-2
8.651,0.118,-5.479E-2
8.668,0.118,-5.872E-2
8.684,0.118,-6.221E-2
8.701,0.118,-6.525E-2
8.718,0.118,-6.735E-2
8.734,0.119,-6.834E-2
8.751,0.119,-6.821E-2
8.768,0.120,-6.686E-2
8.784,0.121,-6.465E-2
8.801,0.122,-6.153E-2
8.818,0.123,-5.793E-2
8.834,0.124,-5.349E-2
8.851,0.126,-4.916E-2
8.868,0.127,-4.470E-2
8.884,0.128,-4.040E-2
8.901,0.129,-3.635E-2
8.918,0.130,-3.287E-2
8.934,0.131,-3.013E-2
8.951,0.131,-2.797E-2
8.968,0.132,-2.672E-2
8.984,0.132,-2.620E-2
9.001,0.132,-2.651E-2
9.018,0.132,-2.753E-2
9.034,0.133,-2.951E-2
9.051,0.132,-3.227E-2
9.068,0.132,-3.578E-2
9.084,0.131,-3.977E-2
9.101,0.131,-4.399E-2
9.118,0.130,-4.850E-2
9.134,0.130,-5.284E-2
9.151,0.129,-5.713E-2
9.168,0.127,-6.098E-2
9.184,0.126,-6.415E-2
9.201,0.125,-6.647E-2
9.218,0.124,-6.798E-2
9.234,0.122,-6.811E-2
9.251,0.121,-6.725E-2
9.268,0.120,-6.534E-2
9.284,0.119,-6.266E-2
9.301,0.119,-5.921E-2
9.318,0.118,-5.538E-2
9.334,0.118,-5.106E-2
9.351,0.118,-4.646E-2
9.368,0.118,-4.194E-2
9.384,0.118,-3.778E-2
9.401,0.119,-3.405E-2
9.418,0.119,-3.070E-2
9.434,0.120,-2.838E-2
9.451,0.120,-2.670E-2
9.468,0.121,-2.553E-2
9.484,0.122,-2.533E-2
9.501,0.123,-2.570E-2
9.518,0.124,-2.697E-2
9.534,0.125,-2.923E-2
9.551,0.126,-3.225E-2
9.568,0.127,-3.636E-2
9.584,0.128,-4.080E-2
9.601,0.129,-4.545E-2
9.618,0.129,-5.034E-2
9.634,0.130,-5.489E-2
9.651,0.131,-5.927E-2
9.668,0.131,-6.306E-2
9.684,0.132,-6.615E-2
9.701,0.132,-6.856E-2
9.718,0.131,-6.969E-2
9.734,0.131,-6.956E-2
9.751,0.130,-6.824E-2
9.768,0.130,-6.592E-2
9.784,0.128,-6.279E-2
9.801,0.128,-5.900E-2
9.818,0.127,-5.455E-2
9.834,0.126,-5.002E-2
9.851,0.125,-4.521E-2
9.868,0.124,-4.069E-2
9.884,0.123,-3.642E-2
9.901,0.122,-3.282E-2
9.918,0.121,-2.983E-2
9.934,0.120,-2.751E-2
9.951,0.120,-2.598E-2
9.968,0.119,-2.519E-2
9.984,0.118,-2.543E-2
10.001,0.118,-2.627E-2
10.018,0.118,-2.800E-2
10.034,0.118,-3.022E-2
10.051,0.118,-3.353E-2
10.068,0.118,-3.718E-2
10.084,0.118,-4.131E-2
10.101,0.119,-4.589E-2
10.118,0.119,-5.040E-2
10.134,0.120,-5.480E-2
10.151,0.121,-5.879E-2
10.168,0.122,-6.227E-2
10.184,0.123,-6.518E-2
10.201,0.124,-6.714E-2
10.218,0.125,-6.812E-2
10.234,0.126,-6.795E-2
10.251,0.128,-6.674E-2
10.268,0.129,-6.458E-2
10.284,0.129,-6.151E-2
10.301,0.130,-5.788E-2
10.318,0.131,-5.369E-2
10.334,0.131,-4.946E-2
10.351,0.131,-4.496E-2
10.368,0.131,-4.058E-2
10.384,0.131,-3.648E-2
10.401,0.131,-3.299E-2
10.418,0.131,-3.022E-2
10.434,0.130,-2.817E-2
10.451,0.130,-2.691E-2
10.468,0.129,-2.649E-2
10.484,0.129,-2.680E-2
10.501,0.128,-2.785E-2
10.518,0.127,-2.965E-2
10.534,0.126,-3.249E-2
10.551,0.125,-3.576E-2
10.568,0.124,-3.962E-2
10.584,0.123,-4.383E-2
10.601,0.122,-4.797E-2
10.618,0.121,-5.224E-2
10.634,0.121,-5.640E-2
10.651,0.120,-6.003E-2
10.668,0.119,-6.315E-2
10.684,0.119,-6.530E-2
10.701,0.119,-6.669E-2
10.718,0.119,-6.690E-2
10.734,0.119,-6.617E-2
10.751,0.119,-6.444E-2
10.768,0.119,-6.187E-2
10.784,0.120,-5.855E-2
10.801,0.121,-5.464E-2
10.818,0.122,-5.057E-2
10.834,0.123,-4.630E-2
10.851,0.124,-4.203E-2
10.868,0.125,-3.799E-2
10.884,0.126,-3.450E-2
10.901,0.127,-3.149E-2
10.918,0.128,-2.927E-2
10.934,0.128,-2.784E-2
10.951,0.129,-2.702E-2
10.968,0.130,-2.695E-2
10.984,0.131,-2.766E-2
11.001,0.131,-2.936E-2
11.018,0.132,-3.163E-2
11.034,0.132,-3.490E-2
11.051,0.132,-3.855E-2
11.068,0.132,-4.263E-2
11.084,0.132,-4.694E-2
11.101,0.131,-5.121E-2
11.118,0.131,-5.532E-2
11.134,0.130,-5.924E-2
11.151,0.130,-6.242E-2
11.168,0.129,-6.497E-2
11.184,0.128,-6.663E-2
11.201,0.126,-6.731E-2
11.218,0.125,-6.685E-2
11.234,0.124,-6.527E-2
11.251,0.123,-6.304E-2
11.268,0.121,-6.000E-2
11.284,0.121,-5.623E-2
11.301,0.120,-5.222E-2
11.318,0.119,-4.793E-2
11.334,0.119,-4.373E-2
11.351,0.118,-3.956E-2
11.368,0.118,-3.578E-2
11.384,0.118,-3.253E-2
11.401,0.118,-2.979E-2
11.418,0.118,-2.798E-2
11.434,0.119,-2.666E-2
11.451,0.119,-2.621E-2
11.468,0.120,-2.643E-2
11.484,0.121,-2.754E-2
11.501,0.121,-2.950E-2
11.518,0.122,-3.193E-2
11.535,0.123,-3.516E-2
11.551,0.124,-3.910E-2
11.568,0.124,-4.327E-2
11.585,0.126,-4.775E-2
11.601,0.126,-5.243E-2
11.618,0.127,-5.672E-2
11.635,0.128,-6.052E-2
11.651,0.129,-6.376E-2
11.668,0.130,-6.640E-2
11.685,0.131,-6.797E-2
11.701,0.131,-6.856E-2
11.718,0.131,-6.798E-2
11.735,0.131,-6.626E-2
11.751,0.131,-6.375E-2
11.768,0.130,-6.031E-2
11.785,0.130,-5.639E-2
11.801,0.129,-5.200E-2
11.818,0.128,-4.752E-2
11.835,0.127,-4.297E-2
11.851,0.127,-3.876E-2
11.868,0.126,-3.504E-2
11.885,0.125,-3.187E-2
11.901,0.124,-2.917E-2
11.918,0.123,-2.751E-2
11.935,0.122,-2.642E-2
11.951,0.121,-2.640E-2
11.968,0.120,-2.685E-2
11.985,0.120,-2.816E-2
12.001,0.119,-3.022E-2
12.018,0.119,-3.280E-2
12.035,0.118,-3.624E-2
12.051,0.118,-4.005E-2
12.068,0.118,-4.401E-2
12.085,0.118,-4.830E-2
12.101,0.118,-5.229E-2
12.118,0.119,-5.635E-2
12.135,0.119,-5.966E-2
12.151,0.120,-6.262E-2
12.168,0.121,-6.483E-2
12.185,0.122,-6.610E-2
12.201,0.123,-6.629E-2
12.218,0.124,-6.554E-2
12.235,0.125,-6.384E-2
12.251,0.126,-6.127E-2
12.268,0.128,-5.812E-2
12.285,0.128,-5.451E-2
12.301,0.129,-5.054E-2
12.318,0.130,-4.653E-2
12.335,0.130,-4.250E-2
12.351,0.131,-3.865E-2
12.368,0.131,-3.528E-2
12.385,0.131,-3.226E-2
12.401,0.131,-2.999E-2
12.418,0.131,-2.860E-2
12.435,0.131,-2.791E-2
12.451,0.131,-2.792E-2
12.468,0.130,-2.866E-2
12.485,0.130,-3.008E-2
12.501,0.129,-3.223E-2
12.518,0.128,-3.519E-2
12.535,0.128,-3.844E-2
12.551,0.127,-4.235E-2
12.568,0.126,-4.650E-2
12.585,0.125,-5.041E-2
12.601,0.124,-5.444E-2
12.618,0.123,-5.787E-2
12.635,0.122,-6.111E-2
12.651,0.121,-6.350E-2
12.668,0.120,-6.508E-2
12.685,0.120,-6.568E-2
12.701,0.119,-6.520E-2
12.718,0.119,-6.391E-2
12.735,0.119,-6.164E-2
12.751,0.119,-5.875E-2
12.768,0.119,-5.530E-2
12.785,0.120,-5.147E-2
12.801,0.120,-4.754E-2
12.818,0.121,-4.355E-2
12.835,0.122,-3.954E-2
12.851,0.122,-3.605E-2
12.868,0.123,-3.298E-2
12.885,0.124,-3.045E-2
12.901,0.125,-2.880E-2
12.918,0.126,-2.793E-2
12.935,0.127,-2.776E-2
12.951,0.127,-2.802E-2
12.968,0.128,-2.912E-2
12.985,0.129,-3.110E-2
13.001,0.130,-3.377E-2
13.018,0.130,-3.707E-2
13.035,0.130,-4.098E-2
13.051,0.131,-4.508E-2
13.068,0.131,-4.924E-2
13.085,0.131,-5.336E-2
13.101,0.131,-5.724E-2
13.118,0.131,-6.048E-2
13.135,0.130,-6.330E-2
13.151,0.130,-6.517E-2
13.168,0.129,-6.619E-2
13.185,0.128,-6.632E-2
13.201,0.127,-6.529E-2
13.218,0.126,-6.344E-2
13.235,0.125,-6.061E-2
13.251,0.124,-5.730E-2
13.268,0.123,-5.355E-2
13.285,0.122,-4.955E-2
13.301,0.121,-4.532E-2
13.318,0.121,-4.124E-2
13.335,0.120,-3.737E-2
13.351,0.120,-3.393E-2
13.368,0.119,-3.102E-2
13.385,0.119,-2.922E-2
13.401,0.119,-2.787E-2
13.418,0.118,-2.722E-2
13.435,0.118,-2.726E-2
13.451,0.119,-2.784E-2
13.468,0.119,-2.910E-2
13.485,0.119,-3.125E-2
13.501,0.120,-3.405E-2
13.518,0.120,-3.732E-2
13.535,0.121,-4.099E-2
13.551,0.122,-4.513E-2
13.568,0.123,-4.947E-2
13.585,0.124,-5.367E-2
13.601,0.125,-5.758E-2
13.618,0.126,-6.093E-2
13.635,0.127,-6.369E-2
13.651,0.128,-6.566E-2
13.668,0.129,-6.668E-2
13.685,0.129,-6.669E-2
13.701,0.130,-6.566E-2
13.718,0.130,-6.359E-2
13.735,0.131,-6.092E-2
13.751,0.131,-5.760E-2
13.768,0.130,-5.373E-2
13.785,0.130,-4.954E-2
13.801,0.130,-4.533E-2
13.818,0.129,-4.123E-2
13.835,0.129,-3.741E-2
13.851,0.128,-3.397E-2
13.868,0.127,-3.119E-2
13.885,0.126,-2.909E-2
13.901,0.125,-2.803E-2
13.918,0.125,-2.765E-2
13.935,0.124,-2.789E-2
13.951,0.123,-2.869E-2
13.968,0.122,-3.023E-2
13.985,0.121,-3.249E-2
14.001,0.121,-3.547E-2
14.018,0.120,-3.915E-2
14.035,0.120,-4.288E-2
14.051,0.119,-4.680E-2
14.068,0.119,-5.065E-2
14.085,0.118,-5.446E-2
14.101,0.118,-5.798E-2
14.118,0.119,-6.088E-2
14.135,0.119,-6.309E-2
14.151,0.120,-6.471E-2
14.168,0.120,-6.528E-2
14.185,0.121,-6.489E-2
14.201,0.122,-6.356E-2
14.218,0.123,-6.132E-2
14.235,0.124,-5.860E-2
14.251,0.125,-5.550E-2
14.268,0.126,-5.190E-2
14.285,0.127,-4.800E-2
14.301,0.128,-4.420E-2
14.318,0.129,-4.045E-2
14.335,0.129,-3.706E-2
14.351,0.130,-3.415E-2
14.368,0.130,-3.181E-2
14.385,0.131,-3.028E-2
14.401,0.131,-2.942E-2
14.418,0.131,-2.920E-2
14.435,0.131,-2.960E-2
14.451,0.131,-3.069E-2
14.468,0.131,-3.245E-2
14.485,0.131,-3.491E-2
14.501,0.130,-3.794E-2
14.518,0.129,-4.151E-2
14.535,0.129,-4.534E-2
14.551,0.128,-4.921E-2
14.568,0.127,-5.290E-2
14.585,0.126,-5.649E-2
14.601,0.125,-5.966E-2
14.618,0.124,-6.215E-2
14.635,0.123,-6.383E-2
14.651,0.122,-6.479E-2
14.668,0.122,-6.460E-2
14.685,0.121,-6.348E-2
14.701,0.120,-6.158E-2
14.718,0.120,-5.914E-2
14.735,0.119,-5.603E-2
14.751,0.119,-5.256E-2
14.768,0.119,-4.873E-2
14.785,0.119,-4.499E-2
14.802,0.120,-4.137E-2
14.818,0.120,-3.784E-2
14.835,0.121,-3.479E-2
14.852,0.121,-3.233E-2
14.868,0.122,-3.042E-2
14.885,0.122,-2.905E-2
14.902,0.123,-2.866E-2
14.918,0.124,-2.878E-2
14.935,0.125,-2.956E-2
14.952,0.126,-3.114E-2
14.968,0.126,-3.342E-2
14.985,0.127,-3.634E-2
15.002,0.128,-3.990E-2
15.018,0.128,-4.373E-2
15.035,0.129,-4.776E-2
15.052,0.129,-5.168E-2
15.068,0.130,-5.540E-2
15.085,0.130,-5.863E-2
15.102,0.130,-6.165E-2
15.118,0.130,-6.387E-2
15.135,0.130,-6.529E-2
15.152,0.130,-6.574E-2
15.168,0.129,-6.514E-2
15.185,0.129,-6.369E-2
15.202,0.128,-6.132E-2
15.218,0.127,-5.844E-2
15.235,0.126,-5.506E-2
15.252,0.125,-5.133E-2
15.268,0.124,-4.724E-2
15.285,0.124,-4.319E-2
15.302,0.123,-3.945E-2
15.318,0.122,-3.614E-2
15.335,0.122,-3.333E-2
15.352,0.121,-3.090E-2
15.368,0.120,-2.931E-2
15.385,0.120,-2.834E-2
15.402,0.119,-2.823E-2
15.418,0.119,-2.850E-2
15.435,0.119,-2.976E-2
15.452,0.119,-3.142E-2
15.468,0.119,-3.384E-2
15.485,0.119,-3.674E-2
15.502,0.119,-4.015E-2
15.518,0.120,-4.406E-2
15.535,0.120,-4.774E-2
15.552,0.121,-5.164E-2
15.568,0.121,-5.528E-2
15.585,0.122,-5.856E-2
15.602,0.123,-6.142E-2
15.618,0.124,-6.355E-2
15.635,0.125,-6.490E-2
15.652,0.127,-6.530E-2
15.668,0.127,-6.466E-2
15.685,0.129,-6.314E-2
15.702,0.129,-6.089E-2
15.718,0.130,-5.808E-2
15.735,0.130,-5.470E-2
15.752,0.130,-5.099E-2
15.768,0.131,-4.712E-2
15.785,0.131,-4.322E-2
15.802,0.131,-3.956E-2
15.818,0.130,-3.625E-2
15.835,0.130,-3.341E-2
15.852,0.129,-3.122E-2
15.868,0.129,-2.967E-2
15.885,0.128,-2.872E-2
15.902,0.128,-2.892E-2
15.918,0.127,-2.958E-2
15.935,0.126,-3.072E-2
15.952,0.125,-3.265E-2
15.968,0.124,-3.516E-2
15.985,0.124,-3.813E-2
16.002,0.123,-4.179E-2
16.018,0.122,-4.547E-2
16.035,0.121,-4.924E-2
16.052,0.121,-5.271E-2
16.068,0.120,-5.605E-2
16.085,0.120,-5.895E-2
16.102,0.119,-6.131E-2
16.118,0.119,-6.298E-2
16.135,0.120,-6.378E-2
16.152,0.120,-6.368E-2
16.168,0.120,-6.268E-2
16.185,0.121,-6.099E-2
16.202,0.122,-5.850E-2
16.218,0.123,-5.556E-2
16.235,0.123,-5.233E-2
16.252,0.124,-4.855E-2
16.268,0.125,-4.492E-2
16.285,0.126,-4.163E-2
16.302,0.127,-3.813E-2
16.318,0.128,-3.539E-2
16.335,0.128,-3.305E-2
16.352,0.129,-3.137E-2
16.368,0.129,-3.035E-2
16.385,0.130,-2.987E-2
16.402,0.130,-3.016E-2
16.418,0.131,-3.108E-2
16.435,0.131,-3.267E-2
16.452,0.131,-3.473E-2
16.468,0.131,-3.752E-2
16.485,0.131,-4.080E-2
16.502,0.130,-4.426E-2
16.518,0.130,-4.794E-2
16.535,0.130,-5.141E-2
16.552,0.129,-5.490E-2
16.568,0.128,-5.792E-2
16.585,0.127,-6.039E-2
16.602,0.126,-6.226E-2
16.618,0.125,-6.341E-2
16.635,0.124,-6.366E-2
16.652,0.123,-6.293E-2
16.668,0.122,-6.143E-2
16.685,0.122,-5.918E-2
16.702,0.121,-5.645E-2
16.718,0.120,-5.331E-2
16.735,0.120,-4.987E-2
16.752,0.120,-4.623E-2
16.768,0.120,-4.261E-2
16.785,0.120,-3.920E-2
16.802,0.120,-3.621E-2
16.818,0.120,-3.357E-2
16.835,0.120,-3.163E-2
16.852,0.121,-3.024E-2
16.868,0.121,-2.964E-2
16.885,0.122,-2.954E-2
16.902,0.122,-3.008E-2
16.918,0.123,-3.140E-2
16.935,0.123,-3.326E-2
16.952,0.124,-3.592E-2
16.968,0.125,-3.916E-2
16.985,0.125,-4.265E-2
17.002,0.126,-4.637E-2
17.018,0.127,-5.002E-2
17.035,0.127,-5.374E-2
17.052,0.128,-5.712E-2
17.068,0.128,-6.000E-2
17.085,0.129,-6.228E-2
17.102,0.129,-6.389E-2
17.118,0.129,-6.477E-2
17.135,0.129,-6.446E-2
17.152,0.129,-6.344E-2
17.168,0.129,-6.160E-2
17.185,0.129,-5.907E-2
17.202,0.128,-5.600E-2
17.218,0.128,-5.259E-2
17.235,0.127,-4.891E-2
17.252,0.126,-4.521E-2
17.268,0.126,-4.137E-2
17.285,0.125,-3.810E-2
17.302,0.124,-3.515E-2
17.318,0.124,-3.282E-2
17.335,0.123,-3.074E-2
17.352,0.122,-2.966E-2
17.368,0.122,-2.899E-2
17.385,0.121,-2.915E-2
17.402,0.121,-2.998E-2
17.418,0.120,-3.149E-2
17.435,0.120,-3.381E-2
17.452,0.120,-3.616E-2
17.468,0.119,-3.936E-2
17.485,0.119,-4.261E-2
17.502,0.120,-4.649E-2
17.518,0.120,-4.998E-2
17.535,0.120,-5.350E-2
17.552,0.120,-5.669E-2
17.568,0.121,-5.944E-2
17.585,0.122,-6.163E-2
17.602,0.123,-6.318E-2
17.618,0.124,-6.395E-2
17.635,0.125,-6.368E-2
17.652,0.126,-6.264E-2
17.668,0.126,-6.072E-2
17.685,0.127,-5.817E-2
17.702,0.128,-5.512E-2
17.718,0.129,-5.184E-2
17.735,0.129,-4.812E-2
17.752,0.130,-4.456E-2
17.768,0.130,-4.107E-2
17.785,0.130,-3.780E-2
17.802,0.130,-3.519E-2
17.818,0.130,-3.281E-2
17.835,0.130,-3.128E-2
17.852,0.130,-3.025E-2
17.868,0.130,-3.010E-2
17.885,0.129,-3.033E-2
17.902,0.129,-3.141E-2
17.918,0.128,-3.297E-2
17.935,0.128,-3.527E-2
17.952,0.127,-3.800E-2
17.968,0.126,-4.113E-2
17.985,0.125,-4.426E-2
18.002,0.124,-4.776E-2
18.018,0.124,-5.125E-2
18.035,0.123,-5.458E-2
18.052,0.122,-5.740E-2
18.069,0.121,-5.964E-2
18.085,0.121,-6.141E-2
18.102,0.121,-6.248E-2
18.119,0.120,-6.260E-2
18.135,0.120,-6.194E-2
18.152,0.120,-6.044E-2
18.169,0.120,-5.831E-2
18.185,0.121,-5.584E-2
18.202,0.121,-5.269E-2
18.219,0.121,-4.945E-2
18.235,0.122,-4.610E-2
18.252,0.123,-4.271E-2
18.269,0.124,-3.959E-2
18.285,0.125,-3.667E-2
18.302,0.125,-3.439E-2
18.319,0.126,-3.247E-2
18.335,0.127,-3.127E-2
18.352,0.128,-3.064E-2
18.369,0.128,-3.075E-2
18.385,0.129,-3.150E-2
18.402,0.129,-3.300E-2
18.419,0.130,-3.477E-2
18.435,0.130,-3.741E-2
18.452,0.130,-4.046E-2
18.469,0.130,-4.367E-2
18.485,0.130,-4.704E-2
18.502,0.130,-5.045E-2
18.519,0.130,-5.380E-2
18.535,0.130,-5.668E-2
18.552,0.129,-5.926E-2
18.569,0.128,-6.130E-2
18.585,0.128,-6.263E-2
18.602,0.127,-6.303E-2
18.619,0.126,-6.256E-2
18.635,0.125,-6.139E-2
18.652,0.124,-5.943E-2
18.669,0.123,-5.703E-2
18.685,0.123,-5.402E-2
18.702,0.122,-5.082E-2
18.719,0.121,-4.739E-2
18.735,0.121,-4.395E-2
18.752,0.120,-4.072E-2
18.769,0.120,-3.756E-2
18.785,0.120,-3.506E-2
18.802,0.120,-3.295E-2
18.819,0.120,-3.141E-2
18.835,0.120,-3.056E-2
18.852,0.120,-3.022E-2
18.869,0.120,-3.067E-2
18.885,0.121,-3.164E-2
18.902,0.121,-3.321E-2
18.919,0.122,-3.532E-2
18.935,0.122,-3.826E-2
18.952,0.123,-4.152E-2
18.969,0.123,-4.490E-2
18.985,0.124,-4.856E-2
19.002,0.125,-5.209E-2
19.019,0.125,-5.537E-2
19.035,0.126,-5.827E-2
19.052,0.127,-6.062E-2
19.069,0.127,-6.238E-2
19.085,0.128,-6.345E-2
19.102,0.128,-6.365E-2
19.119,0.129,-6.290E-2
19.135,0.129,-6.133E-2
19.152,0.129,-5.924E-2
19.169,0.129,-5.645E-2
19.185,0.129,-5.335E-2
19.202,0.128,-4.988E-2
19.219,0.128,-4.647E-2
19.235,0.128,-4.299E-2
19.252,0.127,-3.992E-2
19.269,0.127,-3.700E-2
19.285,0.126,-3.444E-2
19.302,0.126,-3.233E-2
19.319,0.125,-3.095E-2
19.335,0.124,-3.027E-2
19.352,0.124,-3.005E-2
19.369,0.123,-3.083E-2
19.385,0.122,-3.187E-2
19.402,0.122,-3.365E-2
19.419,0.122,-3.593E-2
19.435,0.121,-3.885E-2
19.452,0.121,-4.176E-2
19.469,0.120,-4.521E-2
19.485,0.120,-4.872E-2
19.502,0.120,-5.201E-2
19.519,0.120,-5.522E-2
19.535,0.120,-5.802E-2
19.552,0.121,-6.028E-2
19.569,0.121,-6.200E-2
19.585,0.122,-6.267E-2
19.602,0.122,-6.285E-2
19.619,0.123,-6.200E-2
19.635,0.124,-6.045E-2
19.652,0.125,-5.834E-2
19.669,0.125,-5.560E-2
19.685,0.126,-5.242E-2
19.702,0.127,-4.911E-2
19.719,0.128,-4.578E-2
19.735,0.128,-4.243E-2
19.752,0.129,-3.929E-2
19.769,0.129,-3.661E-2
19.785,0.130,-3.440E-2
19.802,0.130,-3.272E-2
19.819,0.130,-3.157E-2
19.835,0.130,-3.122E-2
19.852,0.130,-3.128E-2
19.869,0.130,-3.212E-2
19.885,0.130,-3.349E-2
19.902,0.129,-3.534E-2
19.919,0.129,-3.792E-2
19.935,0.128,-4.081E-2
19.952,0.128,-4.385E-2
19.969,0.127,-4.717E-2
19.985,0.126,-5.044E-2
20.002,0.126,-5.358E-2
20.019,0.125,-5.631E-2
20.035,0.124,-5.867E-2
20.052,0.123,-6.043E-2
20.069,0.122,-6.149E-2
20.085,0.122,-6.183E-2
20.102,0.121,-6.133E-2
20.119,0.121,-6.017E-2
20.135,0.120,-5.824E-2
20.152,0.120,-5.598E-2
20.169,0.120,-5.325E-2
20.185,0.120,-5.026E-2
20.202,0.121,-4.716E-2
20.219,0.121,-4.399E-2
20.235,0.121,-4.088E-2
20.252,0.122,-3.811E-2
20.269,0.122,-3.589E-2
20.285,0.123,-3.401E-2
20.302,0.124,-3.280E-2
20.319,0.124,-3.198E-2
20.335,0.125,-3.169E-2
20.352,0.126,-3.199E-2
20.369,0.126,-3.310E-2
20.385,0.127,-3.488E-2
20.402,0.128,-3.708E-2
20.419,0.128,-4.009E-2
20.435,0.128,-4.298E-2
20.452,0.129,-4.628E-2
20.469,0.129,-4.959E-2
20.485,0.129,-5.278E-2
20.502,0.129,-5.568E-2
20.519,0.129,-5.820E-2
20.535,0.129,-6.022E-2
20.552,0.129,-6.148E-2
20.569,0.128,-6.217E-2
20.585,0.128,-6.195E-2
20.602,0.127,-6.109E-2
20.619,0.126,-5.945E-2
20.635,0.126,-5.722E-2
20.652,0.125,-5.452E-2
20.669,0.124,-5.165E-2
20.685,0.123,-4.848E-2
20.702,0.123,-4.510E-2
20.719,0.122,-4.187E-2
20.735,0.122,-3.906E-2
20.752,0.121,-3.647E-2
20.769,0.121,-3.450E-2
20.785,0.120,-3.277E-2
20.802,0.120,-3.175E-2
20.819,0.120,-3.129E-2
20.835,0.120,-3.134E-2
20.852,0.120,-3.214E-2
20.869,0.120,-3.363E-2
20.885,0.120,-3.542E-2
20.902,0.120,-3.797E-2
20.919,0.121,-4.090E-2
20.935,0.121,-4.393E-2
20.952,0.122,-4.726E-2
20.969,0.122,-5.054E-2
20.985,0.123,-5.368E-2
21.002,0.124,-5.642E-2
21.019,0.124,-5.881E-2
21.035,0.125,-6.090E-2
21.052,0.126,-6.210E-2
21.069,0.127,-6.249E-2
21.085,0.127,-6.214E-2
21.102,0.128,-6.105E-2
21.119,0.128,-5.918E-2
21.135,0.128,-5.678E-2
21.152,0.129,-5.387E-2
21.169,0.129,-5.077E-2
21.185,0.129,-4.752E-2
21.202,0.129,-4.411E-2
21.219,0.129,-4.096E-2
21.235,0.128,-3.809E-2
21.252,0.128,-3.554E-2
21.269,0.128,-3.365E-2
21.285,0.127,-3.229E-2
21.302,0.127,-3.155E-2
21.319,0.126,-3.131E-2
21.335,0.126,-3.165E-2
21.352,0.125,-3.248E-2
21.369,0.124,-3.384E-2
21.386,0.124,-3.601E-2
21.402,0.123,-3.848E-2
21.419,0.123,-4.134E-2
21.436,0.122,-4.449E-2
21.452,0.122,-4.774E-2
21.469,0.121,-5.100E-2
21.486,0.121,-5.394E-2
21.502,0.121,-5.669E-2
21.519,0.121,-5.884E-2
21.536,0.121,-6.050E-2
21.552,0.121,-6.144E-2
21.569,0.121,-6.170E-2
21.586,0.122,-6.118E-2
21.602,0.122,-5.995E-2
21.619,0.123,-5.800E-2
21.636,0.123,-5.557E-2
21.652,0.124,-5.278E-2
21.669,0.125,-4.976E-2
21.686,0.125,-4.668E-2
21.702,0.126,-4.346E-2
21.719,0.127,-4.055E-2
21.736,0.127,-3.781E-2
21.752,0.128,-3.551E-2
21.769,0.128,-3.378E-2
21.786,0.129,-3.265E-2
21.802,0.129,-3.209E-2
21.819,0.129,-3.210E-2
21.836,0.130,-3.256E-2
21.852,0.130,-3.366E-2
21.869,0.130,-3.526E-2
21.886,0.130,-3.740E-2
21.902,0.130,-4.008E-2
21.919,0.129,-4.301E-2
21.936,0.129,-4.625E-2
21.952,0.128,-4.936E-2
21.969,0.128,-5.235E-2
21.986,0.127,-5.502E-2
22.002,0.127,-5.735E-2
22.019,0.126,-5.917E-2
22.036,0.125,-6.035E-2
22.052,0.124,-6.082E-2
22.069,0.124,-6.061E-2
22.086,0.123,-5.965E-2
22.102,0.122,-5.800E-2
22.119,0.122,-5.600E-2
22.136,0.121,-5.350E-2
22.152,0.121,-5.059E-2
22.169,0.121,-4.761E-2
22.186,0.121,-4.479E-2
22.202,0.121,-4.180E-2
22.219,0.121,-3.925E-2
22.236,0.121,-3.685E-2
22.252,0.121,-3.500E-2
22.269,0.121,-3.366E-2
22.286,0.122,-3.285E-2
22.302,0.122,-3.264E-2
22.319,0.123,-3.277E-2
22.336,0.124,-3.350E-2
22.352,0.124,-3.488E-2
22.369,0.125,-3.696E-2
22.386,0.125,-3.933E-2
22.402,0.126,-4.206E-2
22.419,0.126,-4.509E-2
22.436,0.127,-4.825E-2
22.452,0.127,-5.123E-2
22.469,0.128,-5.401E-2
22.486,0.128,-5.668E-2
22.502,0.128,-5.862E-2
22.519,0.129,-6.017E-2
22.536,0.129,-6.095E-2
22.552,0.129,-6.107E-2
22.569,0.128,-6.051E-2
22.586,0.128,-5.916E-2
22.602,0.128,-5.725E-2
22.619,0.127,-5.492E-2
22.636,0.126,-5.214E-2
22.652,0.126,-4.912E-2
22.669,0.125,-4.602E-2
22.686,0.125,-4.286E-2
22.702,0.124,-4.017E-2
22.719,0.123,-3.746E-2
22.736,0.123,-3.523E-2
22.752,0.122,-3.362E-2
22.769,0.122,-3.239E-2
22.786,0.121,-3.208E-2
22.802,0.121,-3.200E-2
22.819,0.121,-3.248E-2
22.836,0.121,-3.353E-2
22.852,0.121,-3.532E-2
22.869,0.120,-3.732E-2
22.886,0.120,-3.988E-2
22.902,0.121,-4.274E-2
22.919,0.121,-4.598E-2
22.936,0.121,-4.908E-2
22.952,0.121,-5.224E-2
22.969,0.122,-5.508E-2
22.986,0.123,-5.752E-2
23.002,0.123,-5.934E-2
23.019,0.124,-6.068E-2
23.036,0.125,-6.127E-2
23.052,0.125,-6.110E-2
23.069,0.126,-6.035E-2
23.086,0.127,-5.884E-2
23.102,0.127,-5.674E-2
23.119,0.128,-5.427E-2
23.136,0.128,-5.149E-2
23.152,0.128,-4.844E-2
23.169,0.129,-4.529E-2
23.186,0.129,-4.221E-2
23.202,0.129,-3.951E-2
23.219,0.129,-3.710E-2
23.236,0.129,-3.509E-2
23.252,0.129,-3.366E-2
23.269,0.128,-3.278E-2
23.286,0.128,-3.239E-2
23.302,0.128,-3.266E-2
23.319,0.127,-3.340E-2
23.336,0.127,-3.445E-2
23.352,0.126,-3.617E-2
23.369,0.126,-3.839E-2
23.386,0.125,-4.112E-2
23.402,0.125,-4.383E-2
23.419,0.124,-4.676E-2
23.436,0.124,-4.966E-2
23.452,0.123,-5.254E-2
23.469,0.123,-5.524E-2
23.486,0.122,-5.742E-2
23.502,0.122,-5.906E-2
23.519,0.122,-6.019E-2
23.536,0.122,-6.067E-2
23.552,0.122,-6.045E-2
23.569,0.122,-5.943E-2
23.586,0.122,-5.779E-2
23.602,0.122,-5.578E-2
23.619,0.122,-5.319E-2
23.636,0.123,-5.037E-2
23.652,0.123,-4.751E-2
23.669,0.124,-4.451E-2
23.686,0.124,-4.171E-2
23.702,0.125,-3.917E-2
23.719,0.126,-3.685E-2
23.736,0.126,-3.516E-2
23.752,0.127,-3.396E-2
23.769,0.127,-3.327E-2
23.786,0.128,-3.312E-2
23.802,0.128,-3.334E-2
23.819,0.128,-3.425E-2
23.836,0.129,-3.572E-2
23.852,0.129,-3.764E-2
23.869,0.129,-4.001E-2
23.886,0.129,-4.276E-2
23.902,0.129,-4.563E-2
23.919,0.129,-4.865E-2
23.936,0.128,-5.154E-2
23.952,0.128,-5.412E-2
23.969,0.128,-5.630E-2
23.986,0.127,-5.827E-2
24.002,0.127,-5.957E-2
24.019,0.126,-6.023E-2
24.036,0.126,-6.002E-2
24.052,0.125,-5.939E-2
24.069,0.124,-5.796E-2
24.086,0.124,-5.614E-2
24.102,0.123,-5.367E-2
24.119,0.122,-5.101E-2
24.136,0.122,-4.828E-2
24.152,0.122,-4.551E-2
24.169,0.121,-4.266E-2
24.186,0.121,-3.992E-2
24.202,0.121,-3.776E-2
24.219,0.121,-3.584E-2
24.236,0.121,-3.461E-2
24.252,0.121,-3.380E-2
24.269,0.121,-3.349E-2
24.286,0.121,-3.349E-2
24.302,0.121,-3.407E-2
24.319,0.122,-3.530E-2
24.336,0.122,-3.685E-2
24.352,0.123,-3.904E-2
24.369,0.123,-4.147E-2
24.386,0.124,-4.429E-2
24.402,0.124,-4.719E-2
24.419,0.125,-4.991E-2
24.436,0.126,-5.267E-2
24.452,0.126,-5.521E-2
24.469,0.127,-5.724E-2
24.486,0.127,-5.881E-2
24.502,0.128,-5.987E-2
24.519,0.128,-6.021E-2
24.536,0.128,-5.989E-2
24.552,0.128,-5.897E-2
24.569,0.128,-5.741E-2
24.586,0.128,-5.520E-2
24.602,0.128,-5.289E-2
24.619,0.128,-5.012E-2
24.636,0.127,-4.723E-2
24.653,0.127,-4.435E-2
24.669,0.127,-4.139E-2
24.686,0.126,-3.874E-2
24.703,0.125,-3.643E-2
24.719,0.125,-3.462E-2
24.736,0.124,-3.364E-2
24.753,0.124,-3.296E-2
24.769,0.123,-3.289E-2
24.786,0.123,-3.327E-2
24.803,0.122,-3.426E-2
24.819,0.122,-3.547E-2
24.836,0.122,-3.721E-2
24.853,0.121,-3.990E-2
24.869,0.121,-4.251E-2
24.886,0.121,-4.547E-2
24.903,0.121,-4.829E-2
24.919,0.121,-5.117E-2
24.936,0.121,-5.384E-2
24.953,0.121,-5.634E-2
24.969,0.122,-5.827E-2
24.986,0.122,-5.966E-2
25.003,0.123,-6.036E-2
25.019,0.124,-6.043E-2
25.036,0.124,-5.982E-2
25.053,0.125,-5.858E-2
25.069,0.125,-5.687E-2
25.086,0.126,-5.446E-2
25.103,0.127,-5.199E-2
25.119,0.127,-4.913E-2
25.136,0.128,-4.632E-2
25.153,0.128,-4.340E-2
25.169,0.128,-4.072E-2
25.186,0.129,-3.830E-2
25.203,0.129,-3.635E-2
25.219,0.129,-3.492E-2
25.236,0.129,-3.394E-2
25.253,0.129,-3.341E-2
25.269,0.129,-3.332E-2
25.286,0.129,-3.395E-2
25.303,0.128,-3.500E-2
25.319,0.128,-3.634E-2
25.336,0.128,-3.835E-2
25.353,0.127,-4.075E-2
25.369,0.127,-4.326E-2
25.386,0.126,-4.613E-2
25.403,0.126,-4.895E-2
25.419,0.125,-5.154E-2
25.436,0.124,-5.402E-2
25.453,0.124,-5.623E-2
25.469,0.123,-5.806E-2
25.486,0.123,-5.922E-2
25.503,0.122,-5.973E-2
25.519,0.122,-5.959E-2
25.536,0.122,-5.885E-2
25.553,0.122,-5.751E-2
25.569,0.122,-5.577E-2
25.586,0.122,-5.349E-2
25.603,0.122,-5.101E-2
25.619,0.122,-4.819E-2
25.636,0.122,-4.555E-2
25.653,0.123,-4.273E-2
25.669,0.123,-4.033E-2
25.686,0.123,-3.808E-2
25.703,0.124,-3.630E-2
25.719,0.124,-3.491E-2
25.736,0.125,-3.419E-2
25.753,0.125,-3.393E-2
25.769,0.126,-3.408E-2
25.786,0.126,-3.483E-2
25.803,0.127,-3.598E-2
25.819,0.127,-3.771E-2
25.836,0.127,-3.993E-2
25.853,0.128,-4.221E-2
25.869,0.128,-4.509E-2
25.886,0.128,-4.788E-2
25.903,0.128,-5.043E-2
25.919,0.128,-5.304E-2
25.936,0.128,-5.535E-2
25.953,0.128,-5.728E-2
25.969,0.127,-5.870E-2
25.986,0.127,-5.939E-2
26.003,0.127,-5.946E-2
26.019,0.126,-5.895E-2
26.036,0.126,-5.776E-2
26.053,0.125,-5.610E-2
26.069,0.125,-5.409E-2
26.086,0.124,-5.163E-2
26.103,0.124,-4.895E-2
26.119,0.123,-4.633E-2
26.136,0.123,-4.370E-2
26.153,0.122,-4.098E-2
26.169,0.122,-3.874E-2
26.186,0.122,-3.703E-2
26.203,0.121,-3.549E-2
26.219,0.121,-3.446E-2
26.236,0.121,-3.412E-2
26.253,0.121,-3.416E-2
26.269,0.121,-3.465E-2
26.286,0.121,-3.568E-2
26.303,0.121,-3.718E-2
26.319,0.121,-3.916E-2
26.336,0.122,-4.143E-2
26.353,0.122,-4.386E-2
26.369,0.122,-4.664E-2
26.386,0.123,-4.923E-2
26.403,0.123,-5.177E-2
26.419,0.124,-5.411E-2
26.436,0.124,-5.610E-2
26.453,0.125,-5.763E-2
26.469,0.126,-5.869E-2
26.486,0.126,-5.922E-2
26.503,0.127,-5.903E-2
26.519,0.127,-5.828E-2
26.536,0.128,-5.700E-2
26.553,0.128,-5.522E-2
26.569,0.128,-5.304E-2
26.586,0.128,-5.061E-2
26.603,0.128,-4.803E-2
26.619,0.128,-4.518E-2
26.636,0.128,-4.267E-2
26.653,0.128,-4.005E-2
26.669,0.128,-3.782E-2
26.686,0.127,-3.601E-2
26.703,0.127,-3.473E-2
26.719,0.126,-3.388E-2
26.736,0.126,-3.364E-2
26.753,0.125,-3.394E-2
26.769,0.125,-3.453E-2
26.786,0.124,-3.589E-2
26.803,0.124,-3.745E-2
26.819,0.123,-3.954E-2
26.836,0.123,-4.195E-2
26.853,0.123,-4.472E-2
26.869,0.122,-4.736E-2
26.886,0.122,-5.025E-2
26.903,0.122,-5.285E-2
26.919,0.122,-5.520E-2
26.936,0.121,-5.712E-2
26.953,0.122,-5.860E-2
26.969,0.122,-5.944E-2
26.986,0.122,-5.964E-2
27.003,0.122,-5.910E-2
27.019,0.123,-5.807E-2
27.036,0.124,-5.642E-2
27.053,0.124,-5.456E-2
27.069,0.125,-5.201E-2
27.086,0.125,-4.943E-2
27.103,0.126,-4.680E-2
27.119,0.126,-4.390E-2
27.136,0.127,-4.137E-2
27.153,0.128,-3.908E-2
27.169,0.128,-3.722E-2
27.186,0.128,-3.547E-2
27.203,0.129,-3.447E-2
27.219,0.129,-3.390E-2
27.236,0.129,-3.394E-2
27.253,0.129,-3.423E-2
27.269,0.129,-3.535E-2
27.286,0.129,-3.673E-2
27.303,0.129,-3.829E-2
27.319,0.129,-4.039E-2
27.336,0.128,-4.293E-2
27.353,0.128,-4.551E-2
27.369,0.127,-4.823E-2
27.386,0.127,-5.080E-2
27.403,0.126,-5.317E-2
27.419,0.126,-5.514E-2
27.436,0.125,-5.690E-2
27.453,0.125,-5.805E-2
27.469,0.124,-5.872E-2
27.486,0.123,-5.873E-2
27.503,0.123,-5.814E-2
27.519,0.122,-5.702E-2
27.536,0.122,-5.541E-2
27.553,0.122,-5.343E-2
27.569,0.122,-5.119E-2
27.586,0.122,-4.872E-2
27.603,0.121,-4.607E-2
27.619,0.121,-4.360E-2
27.636,0.122,-4.122E-2
27.653,0.122,-3.914E-2
27.669,0.122,-3.739E-2
27.686,0.123,-3.607E-2
27.703,0.123,-3.520E-2
27.719,0.123,-3.484E-2
27.736,0.124,-3.487E-2
27.753,0.124,-3.548E-2
27.769,0.125,-3.650E-2
27.786,0.125,-3.798E-2
27.803,0.125,-3.994E-2
27.819,0.126,-4.224E-2
27.836,0.126,-4.461E-2
27.853,0.127,-4.721E-2
27.869,0.127,-4.975E-2
27.886,0.127,-5.221E-2
27.903,0.127,-5.430E-2
27.920,0.127,-5.625E-2
27.936,0.127,-5.755E-2
27.953,0.127,-5.862E-2
27.970,0.127,-5.880E-2
27.986,0.127,-5.851E-2
28.003,0.127,-5.760E-2
28.020,0.127,-5.619E-2
28.036,0.126,-5.427E-2
28.053,0.126,-5.213E-2
28.070,0.125,-4.985E-2
28.086,0.125,-4.721E-2
28.103,0.125,-4.468E-2
28.120,0.124,-4.235E-2
28.136,0.124,-4.001E-2
28.153,0.123,-3.821E-2
28.170,0.123,-3.667E-2
28.186,0.123,-3.565E-2
28.203,0.122,-3.501E-2
28.220,0.122,-3.496E-2
28.236,0.122,-3.529E-2
28.253,0.122,-3.618E-2
28.270,0.122,-3.755E-2
28.286,0.121,-3.938E-2
28.303,0.121,-4.149E-2
28.320,0.121,-4.387E-2
28.336,0.122,-4.618E-2
28.353,0.122,-4.869E-2
28.370,0.122,-5.119E-2
28.386,0.123,-5.342E-2
28.403,0.123,-5.532E-2
28.420,0.124,-5.686E-2
28.436,0.124,-5.796E-2
28.453,0.125,-5.833E-2
28.470,0.125,-5.841E-2
28.486,0.126,-5.760E-2
28.503,0.126,-5.648E-2
28.520,0.127,-5.496E-2
28.536,0.127,-5.291E-2
28.553,0.128,-5.076E-2
28.570,0.128,-4.832E-2
28.586,0.128,-4.588E-2
28.603,0.128,-4.342E-2
28.620,0.128,-4.121E-2
28.636,0.128,-3.911E-2
28.653,0.128,-3.731E-2
28.670,0.128,-3.614E-2
28.686,0.128,-3.513E-2
28.703,0.128,-3.477E-2
28.720,0.128,-3.479E-2
28.736,0.127,-3.552E-2
28.753,0.127,-3.636E-2
28.770,0.126,-3.791E-2
28.786,0.126,-3.978E-2
28.803,0.125,-4.202E-2
28.820,0.125,-4.448E-2
28.836,0.124,-4.698E-2
28.853,0.124,-4.955E-2
28.870,0.123,-5.201E-2
28.886,0.123,-5.437E-2
28.903,0.123,-5.614E-2
28.920,0.122,-5.757E-2
28.936,0.122,-5.849E-2
28.953,0.122,-5.894E-2
28.970,0.122,-5.868E-2
28.986,0.122,-5.777E-2
29.003,0.122,-5.644E-2
29.020,0.122,-5.454E-2
29.036,0.123,-5.229E-2
29.053,0.123,-4.986E-2
29.070,0.124,-4.726E-2
29.086,0.124,-4.463E-2
29.103,0.125,-4.216E-2
29.120,0.125,-3.998E-2
29.136,0.126,-3.820E-2
29.153,0.126,-3.661E-2
29.170,0.127,-3.558E-2
29.186,0.127,-3.506E-2
29.203,0.128,-3.477E-2
29.220,0.128,-3.511E-2
29.236,0.128,-3.584E-2
29.253,0.128,-3.708E-2
29.270,0.129,-3.879E-2
29.286,0.129,-4.072E-2
29.303,0.129,-4.303E-2
29.320,0.128,-4.561E-2
29.336,0.128,-4.795E-2
29.353,0.128,-5.033E-2
29.370,0.128,-5.279E-2
29.386,0.127,-5.456E-2
29.403,0.127,-5.619E-2
29.420,0.126,-5.733E-2
29.436,0.126,-5.799E-2
29.453,0.125,-5.817E-2
29.470,0.124,-5.759E-2
29.486,0.124,-5.665E-2
29.503,0.123,-5.510E-2
29.520,0.123,-5.330E-2
29.536,0.122,-5.131E-2
29.553,0.122,-4.890E-2
29.570,0.122,-4.660E-2
29.586,0.121,-4.421E-2
29.603,0.121,-4.210E-2
29.620,0.121,-3.997E-2
29.636,0.121,-3.836E-2
29.653,0.121,-3.696E-2
29.670,0.122,-3.610E-2
29.686,0.122,-3.561E-2
29.703,0.122,-3.570E-2
29.720,0.122,-3.598E-2
29.736,0.123,-3.683E-2
29.753,0.123,-3.829E-2
29.770,0.123,-3.998E-2
29.786,0.124,-4.197E-2
29.803,0.124,-4.429E-2
29.820,0.125,-4.678E-2
29.836,0.125,-4.929E-2
29.853,0.126,-5.149E-2
29.870,0.126,-5.364E-2
29.886,0.127,-5.536E-2
29.903,0.127,-5.674E-2
29.920,0.127,-5.775E-2
29.936,0.127,-5.810E-2
29.953,0.127,-5.789E-2
29.970,0.127,-5.715E-2
29.986,0.127,-5.583E-2
30.003,0.127,-5.402E-2
30.020,0.127,-5.214E-2
30.036,0.127,-4.987E-2
30.053,0.127,-4.757E-2
30.070,0.126,-4.531E-2
30.086,0.126,-4.301E-2
30.103,0.126,-4.078E-2
30.120,0.125,-3.911E-2
30.136,0.125,-3.756E-2
30.153,0.124,-3.664E-2
30.170,0.124,-3.614E-2
30.186,0.124,-3.588E-2
30.203,0.123,-3.618E-2
30.220,0.123,-3.699E-2
30.236,0.122,-3.813E-2
30.253,0.122,-3.969E-2
30.270,0.122,-4.157E-2
30.286,0.122,-4.363E-2
30.303,0.122,-4.620E-2
30.320,0.122,-4.830E-2
30.336,0.122,-5.070E-2
30.353,0.122,-5.290E-2
30.370,0.122,-5.474E-2
30.386,0.123,-5.614E-2
30.403,0.123,-5.726E-2
30.420,0.123,-5.786E-2
30.436,0.124,-5.775E-2
30.453,0.124,-5.728E-2
30.470,0.125,-5.629E-2
30.486,0.125,-5.480E-2
30.503,0.126,-5.286E-2
30.520,0.126,-5.074E-2
30.536,0.127,-4.836E-2
30.553,0.127,-4.603E-2
30.570,0.128,-4.380E-2
30.586,0.128,-4.165E-2
30.603,0.128,-3.968E-2
30.620,0.128,-3.804E-2
30.636,0.128,-3.686E-2
30.653,0.129,-3.592E-2
30.670,0.129,-3.549E-2
30.686,0.128,-3.563E-2
30.703,0.128,-3.591E-2
30.720,0.128,-3.676E-2
30.736,0.128,-3.817E-2
30.753,0.127,-3.999E-2
30.770,0.127,-4.189E-2
30.786,0.127,-4.412E-2
30.803,0.126,-4.661E-2
30.820,0.126,-4.896E-2
30.836,0.125,-5.138E-2
30.853,0.125,-5.351E-2
30.870,0.124,-5.532E-2
30.886,0.124,-5.679E-2
30.903,0.123,-5.779E-2
30.920,0.123,-5.818E-2
30.936,0.122,-5.806E-2
30.953,0.122,-5.730E-2
30.970,0.122,-5.616E-2
30.986,0.122,-5.442E-2
31.003,0.122,-5.250E-2
31.020,0.122,-5.024E-2
31.036,0.122,-4.792E-2
31.053,0.122,-4.542E-2
31.070,0.123,-4.312E-2
31.086,0.123,-4.094E-2
31.103,0.124,-3.918E-2
31.120,0.124,-3.757E-2
31.136,0.124,-3.660E-2
31.153,0.125,-3.584E-2
31.170,0.125,-3.561E-2
31.186,0.126,-3.571E-2
31.203,0.126,-3.647E-2
31.220,0.127,-3.741E-2
31.237,0.127,-3.901E-2
31.253,0.127,-4.070E-2
31.270,0.128,-4.289E-2
31.287,0.128,-4.532E-2
31.303,0.128,-4.760E-2
31.320,0.128,-4.992E-2
31.337,0.128,-5.211E-2
31.353,0.128,-5.399E-2
31.370,0.128,-5.559E-2
31.387,0.127,-5.675E-2
31.403,0.127,-5.741E-2
31.420,0.127,-5.766E-2
31.437,0.126,-5.720E-2
31.453,0.126,-5.633E-2
31.470,0.125,-5.496E-2
31.487,0.124,-5.327E-2
31.503,0.124,-5.126E-2
31.520,0.123,-4.912E-2
31.537,0.123,-4.694E-2
31.553,0.123,-4.470E-2
31.570,0.122,-4.252E-2
31.587,0.122,-4.077E-2
31.603,0.121,-3.897E-2
31.620,0.121,-3.785E-2
31.637,0.121,-3.704E-2
31.653,0.121,-3.651E-2
31.670,0.121,-3.639E-2
31.687,0.121,-3.664E-2
31.703,0.121,-3.748E-2
31.720,0.122,-3.852E-2
31.737,0.122,-4.011E-2
31.753,0.122,-4.189E-2
31.770,0.122,-4.401E-2
31.787,0.123,-4.600E-2
31.803,0.123,-4.812E-2
31.820,0.124,-5.039E-2
31.837,0.124,-5.246E-2
31.853,0.125,-5.417E-2
31.870,0.126,-5.571E-2
31.887,0.126,-5.666E-2
31.903,0.127,-5.698E-2
31.920,0.127,-5.693E-2
31.937,0.127,-5.628E-2
31.953,0.128,-5.530E-2
31.970,0.128,-5.377E-2
31.987,0.128,-5.203E-2
32.003,0.128,-4.998E-2
32.020,0.128,-4.772E-2
32.037,0.128,-4.548E-2
32.053,0.128,-4.325E-2
32.070,0.127,-4.124E-2
32.087,0.127,-3.944E-2
32.103,0.127,-3.820E-2
32.120,0.126,-3.713E-2
32.137,0.126,-3.660E-2
32.153,0.125,-3.649E-2
32.170,0.125,-3.671E-2
32.187,0.124,-3.728E-2
32.203,0.124,-3.838E-2
32.220,0.124,-3.979E-2
32.237,0.123,-4.157E-2
32.253,0.123,-4.353E-2
32.270,0.123,-4.568E-2
32.287,0.122,-4.789E-2
32.303,0.122,-5.008E-2
32.320,0.122,-5.223E-2
32.337,0.122,-5.395E-2
32.353,0.122,-5.539E-2
32.370,0.122,-5.634E-2
32.387,0.122,-5.684E-2
32.403,0.123,-5.685E-2
32.420,0.123,-5.648E-2
32.437,0.124,-5.561E-2
32.453,0.124,-5.417E-2
32.470,0.124,-5.246E-2
32.487,0.125,-5.054E-2
32.503,0.126,-4.840E-2
32.520,0.126,-4.626E-2
32.537,0.126,-4.404E-2
32.553,0.127,-4.207E-2
32.570,0.127,-4.020E-2
32.587,0.128,-3.870E-2
32.603,0.128,-3.754E-2
32.620,0.128,-3.662E-2
32.637,0.128,-3.615E-2
32.653,0.128,-3.632E-2
32.670,0.128,-3.670E-2
32.687,0.128,-3.753E-2
32.703,0.128,-3.858E-2
32.720,0.128,-4.016E-2
32.737,0.128,-4.212E-2
32.753,0.128,-4.414E-2
32.770,0.127,-4.631E-2
32.787,0.127,-4.859E-2
32.803,0.126,-5.093E-2
32.820,0.126,-5.294E-2
32.837,0.125,-5.465E-2
32.853,0.125,-5.606E-2
32.870,0.124,-5.703E-2
32.887,0.124,-5.756E-2
32.903,0.124,-5.758E-2
32.920,0.123,-5.703E-2
32.937,0.123,-5.593E-2
32.953,0.122,-5.446E-2
32.970,0.122,-5.271E-2
32.987,0.122,-5.046E-2
33.003,0.122,-4.819E-2
33.020,0.122,-4.601E-2
33.037,0.122,-4.366E-2
33.053,0.122,-4.167E-2
33.070,0.122,-3.990E-2
33.087,0.122,-3.841E-2
33.103,0.123,-3.739E-2
33.120,0.123,-3.671E-2
33.137,0.123,-3.652E-2
33.153,0.124,-3.646E-2
33.170,0.124,-3.698E-2
33.187,0.125,-3.787E-2
33.203,0.125,-3.908E-2
33.220,0.125,-4.077E-2
33.237,0.126,-4.264E-2
33.253,0.126,-4.492E-2
33.270,0.127,-4.693E-2
33.287,0.127,-4.915E-2
33.303,0.127,-5.116E-2
33.320,0.127,-5.295E-2
33.337,0.127,-5.470E-2
33.353,0.128,-5.581E-2
33.370,0.128,-5.650E-2
33.387,0.128,-5.683E-2
33.403,0.127,-5.670E-2
33.420,0.127,-5.599E-2
33.437,0.127,-5.482E-2
33.453,0.126,-5.338E-2
33.470,0.126,-5.148E-2
33.487,0.125,-4.944E-2
33.503,0.125,-4.736E-2
33.520,0.125,-4.531E-2
33.537,0.124,-4.328E-2
33.553,0.124,-4.150E-2
33.570,0.123,-3.986E-2
33.587,0.123,-3.869E-2
33.603,0.122,-3.770E-2
33.620,0.122,-3.727E-2
33.637,0.122,-3.716E-2
33.653,0.122,-3.749E-2
33.670,0.121,-3.824E-2
33.687,0.121,-3.912E-2
33.703,0.121,-4.053E-2
33.720,0.121,-4.211E-2
33.737,0.121,-4.396E-2
33.753,0.122,-4.595E-2
33.770,0.122,-4.795E-2
33.787,0.122,-4.974E-2
33.803,0.123,-5.159E-2
33.820,0.123,-5.324E-2
33.837,0.124,-5.452E-2
33.853,0.124,-5.547E-2
33.870,0.125,-5.599E-2
33.887,0.126,-5.596E-2
33.903,0.126,-5.557E-2
33.920,0.127,-5.471E-2
33.937,0.127,-5.346E-2
33.953,0.128,-5.199E-2
33.970,0.128,-5.019E-2
33.987,0.128,-4.800E-2
34.003,0.128,-4.593E-2
34.020,0.128,-4.395E-2
34.037,0.128,-4.207E-2
34.053,0.128,-4.027E-2
34.070,0.128,-3.887E-2
34.087,0.128,-3.782E-2
34.103,0.128,-3.723E-2
34.120,0.127,-3.706E-2
34.137,0.127,-3.721E-2
34.153,0.127,-3.764E-2
34.170,0.126,-3.870E-2
34.187,0.126,-3.997E-2
34.203,0.125,-4.164E-2
34.220,0.125,-4.339E-2
34.237,0.124,-4.553E-2
34.253,0.124,-4.749E-2
34.270,0.123,-4.966E-2
34.287,0.123,-5.165E-2
34.303,0.122,-5.331E-2
34.320,0.122,-5.472E-2
34.337,0.122,-5.575E-2
34.353,0.122,-5.631E-2
34.370,0.122,-5.642E-2
34.387,0.122,-5.604E-2
34.403,0.122,-5.517E-2
34.420,0.123,-5.384E-2
34.437,0.123,-5.234E-2
34.453,0.123,-5.042E-2
34.470,0.124,-4.860E-2
34.487,0.124,-4.648E-2
34.504,0.125,-4.432E-2
34.520,0.125,-4.235E-2
34.537,0.126,-4.056E-2
34.554,0.126,-3.921E-2
34.570,0.127,-3.786E-2
34.587,0.127,-3.706E-2
34.604,0.127,-3.671E-2
34.620,0.128,-3.667E-2
34.637,0.128,-3.696E-2
34.654,0.128,-3.772E-2
34.670,0.128,-3.890E-2
34.687,0.128,-4.041E-2
34.704,0.128,-4.211E-2
34.720,0.128,-4.394E-2
34.737,0.128,-4.604E-2
34.754,0.128,-4.813E-2
34.770,0.127,-5.032E-2
34.787,0.127,-5.206E-2
34.804,0.127,-5.383E-2
34.820,0.126,-5.523E-2
34.837,0.126,-5.617E-2
34.854,0.125,-5.672E-2
34.870,0.125,-5.680E-2
34.887,0.124,-5.635E-2
34.904,0.123,-5.540E-2
34.920,0.123,-5.408E-2
34.937,0.123,-5.236E-2
34.954,0.122,-5.048E-2
34.970,0.122,-4.839E-2
34.987,0.122,-4.627E-2
35.004,0.122,-4.429E-2
35.020,0.122,-4.229E-2
35.037,0.121,-4.056E-2
35.054,0.121,-3.909E-2
35.070,0.122,-3.799E-2
35.087,0.122,-3.728E-2
35.104,0.122,-3.682E-2
35.120,0.122,-3.676E-2
35.137,0.123,-3.732E-2
35.154,0.123,-3.822E-2
35.170,0.123,-3.934E-2
35.187,0.124,-4.093E-2
35.204,0.124,-4.274E-2
35.220,0.124,-4.457E-2
35.237,0.125,-4.671E-2
35.254,0.125,-4.866E-2
35.270,0.126,-5.052E-2
35.287,0.126,-5.234E-2
35.304,0.127,-5.370E-2
35.320,0.127,-5.495E-2
35.337,0.127,-5.580E-2
35.354,0.127,-5.609E-2
35.370,0.127,-5.592E-2
35.387,0.127,-5.532E-2
35.404,0.127,-5.436E-2
35.420,0.127,-5.298E-2
35.437,0.127,-5.138E-2
35.454,0.127,-4.955E-2
35.470,0.127,-4.765E-2
35.487,0.126,-4.575E-2
35.504,0.126,-4.387E-2
35.520,0.125,-4.207E-2
35.537,0.125,-4.048E-2
35.554,0.125,-3.916E-2
35.570,0.124,-3.838E-2
35.587,0.124,-3.793E-2
35.604,0.123,-3.775E-2
35.620,0.123,-3.797E-2
35.637,0.123,-3.867E-2
35.654,0.122,-3.967E-2
35.670,0.122,-4.094E-2
35.687,0.122,-4.259E-2
35.704,0.122,-4.415E-2
35.720,0.122,-4.599E-2
35.737,0.122,-4.784E-2
35.754,0.122,-4.971E-2
35.770,0.122,-5.129E-2
35.787,0.122,-5.275E-2
35.804,0.123,-5.401E-2
35.820,0.123,-5.490E-2
35.837,0.124,-5.525E-2
35.854,0.124,-5.535E-2
35.870,0.125,-5.491E-2
35.887,0.125,-5.403E-2
35.904,0.126,-5.277E-2
35.920,0.126,-5.128E-2
35.937,0.127,-4.958E-2
35.954,0.127,-4.778E-2
35.970,0.128,-4.580E-2
35.987,0.128,-4.398E-2
36.004,0.128,-4.228E-2
36.020,0.129,-4.069E-2
36.037,0.129,-3.933E-2
36.054,0.129,-3.840E-2
36.070,0.129,-3.779E-2
36.087,0.129,-3.743E-2
36.104,0.129,-3.761E-2
36.120,0.128,-3.819E-2
36.137,0.128,-3.907E-2
36.154,0.128,-4.027E-2
36.170,0.127,-4.171E-2
36.187,0.127,-4.352E-2
36.204,0.126,-4.541E-2
36.220,0.126,-4.748E-2
36.237,0.125,-4.936E-2
36.254,0.124,-5.129E-2
36.270,0.124,-5.290E-2
36.287,0.123,-5.430E-2
36.304,0.123,-5.528E-2
36.320,0.122,-5.588E-2
36.337,0.122,-5.600E-2
36.354,0.122,-5.566E-2
36.370,0.122,-5.483E-2
36.387,0.122,-5.359E-2
36.404,0.122,-5.211E-2
36.420,0.122,-5.034E-2
36.437,0.122,-4.851E-2
36.454,0.122,-4.653E-2
36.470,0.123,-4.477E-2
36.487,0.123,-4.300E-2
36.504,0.124,-4.125E-2
36.520,0.124,-3.986E-2
36.537,0.125,-3.862E-2
36.554,0.125,-3.785E-2
36.570,0.126,-3.729E-2
36.587,0.126,-3.709E-2
36.604,0.126,-3.762E-2
36.620,0.127,-3.818E-2
36.637,0.127,-3.932E-2
36.654,0.127,-4.054E-2
36.670,0.128,-4.228E-2
36.687,0.128,-4.405E-2
36.704,0.128,-4.614E-2
36.720,0.128,-4.807E-2
36.737,0.128,-4.994E-2
36.754,0.128,-5.186E-2
36.770,0.128,-5.349E-2
36.787,0.127,-5.470E-2
36.804,0.127,-5.574E-2
36.820,0.126,-5.622E-2
36.837,0.126,-5.640E-2
36.854,0.125,-5.592E-2
36.870,0.125,-5.507E-2
36.887,0.124,-5.381E-2
36.904,0.124,-5.227E-2
36.920,0.123,-5.054E-2
36.937,0.123,-4.863E-2
36.954,0.122,-4.656E-2
36.970,0.122,-4.478E-2
36.987,0.122,-4.291E-2
37.004,0.121,-4.119E-2
37.020,0.121,-3.979E-2
37.037,0.121,-3.872E-2
37.054,0.121,-3.805E-2
37.070,0.121,-3.753E-2
37.087,0.122,-3.753E-2
37.104,0.122,-3.783E-2
37.120,0.122,-3.846E-2
37.137,0.122,-3.948E-2
37.154,0.123,-4.100E-2
37.170,0.123,-4.260E-2
37.187,0.123,-4.449E-2
37.204,0.124,-4.636E-2
37.220,0.124,-4.826E-2
37.237,0.125,-5.005E-2
37.254,0.125,-5.167E-2
37.270,0.126,-5.299E-2
37.287,0.126,-5.414E-2
37.304,0.127,-5.497E-2
37.320,0.127,-5.519E-2
37.337,0.127,-5.519E-2
37.354,0.128,-5.475E-2
37.370,0.128,-5.385E-2
37.387,0.128,-5.253E-2
37.404,0.128,-5.101E-2
37.420,0.128,-4.932E-2
37.437,0.128,-4.764E-2
37.454,0.128,-4.586E-2
37.470,0.127,-4.412E-2
37.487,0.127,-4.242E-2
37.504,0.127,-4.114E-2
37.520,0.126,-3.997E-2
37.537,0.126,-3.916E-2
37.554,0.125,-3.866E-2
37.570,0.125,-3.857E-2
37.587,0.125,-3.873E-2
37.604,0.124,-3.922E-2
37.620,0.124,-4.008E-2
37.637,0.123,-4.123E-2
37.654,0.123,-4.255E-2
37.670,0.123,-4.408E-2
37.687,0.122,-4.591E-2
37.704,0.122,-4.760E-2
37.720,0.122,-4.939E-2
37.737,0.122,-5.095E-2
37.754,0.122,-5.235E-2
37.770,0.122,-5.336E-2
37.787,0.122,-5.413E-2
37.804,0.123,-5.448E-2
37.821,0.123,-5.465E-2
37.837,0.123,-5.406E-2
37.854,0.124,-5.324E-2
37.871,0.124,-5.207E-2
37.887,0.125,-5.066E-2
37.904,0.125,-4.917E-2
37.921,0.126,-4.748E-2
37.937,0.126,-4.572E-2
37.954,0.127,-4.392E-2
37.971,0.127,-4.233E-2
37.987,0.128,-4.086E-2
38.004,0.128,-3.975E-2
38.021,0.128,-3.871E-2
38.037,0.128,-3.831E-2
38.054,0.129,-3.798E-2
38.071,0.129,-3.804E-2
38.087,0.129,-3.852E-2
38.104,0.129,-3.932E-2
38.121,0.128,-4.047E-2
38.137,0.128,-4.195E-2
38.154,0.128,-4.360E-2
38.171,0.127,-4.545E-2
38.187,0.127,-4.731E-2
38.204,0.126,-4.918E-2
38.221,0.126,-5.089E-2
38.237,0.125,-5.244E-2
38.254,0.125,-5.372E-2
38.271,0.124,-5.478E-2
38.287,0.124,-5.531E-2
38.304,0.123,-5.538E-2
38.321,0.123,-5.505E-2
38.337,0.122,-5.435E-2
38.354,0.122,-5.325E-2
38.371,0.121,-5.184E-2
38.387,0.121,-5.022E-2
38.404,0.121,-4.836E-2
38.421,0.121,-4.665E-2
38.437,0.121,-4.487E-2
38.454,0.122,-4.310E-2
38.471,0.122,-4.144E-2
38.487,0.122,-4.019E-2
38.504,0.122,-3.906E-2
38.521,0.123,-3.829E-2
38.537,0.123,-3.772E-2
38.554,0.124,-3.766E-2
38.571,0.124,-3.784E-2
38.587,0.125,-3.847E-2
38.604,0.125,-3.940E-2
38.621,0.126,-4.073E-2
38.637,0.126,-4.213E-2
38.654,0.127,-4.383E-2
38.671,0.127,-4.588E-2
38.687,0.127,-4.775E-2
38.704,0.128,-4.955E-2
38.721,0.128,-5.128E-2
38.737,0.128,-5.279E-2
38.754,0.128,-5.399E-2
38.771,0.128,-5.493E-2
38.787,0.128,-5.551E-2
38.804,0.127,-5.566E-2
38.821,0.127,-5.521E-2
38.837,0.127,-5.453E-2
38.854,0.126,-5.347E-2
38.871,0.126,-5.206E-2
38.887,0.125,-5.044E-2
38.904,0.124,-4.859E-2
38.921,0.124,-4.672E-2
38.937,0.123,-4.488E-2
38.954,0.123,-4.313E-2
38.971,0.122,-4.152E-2
38.987,0.122,-4.027E-2
39.004,0.122,-3.927E-2
39.021,0.121,-3.857E-2
39.037,0.121,-3.823E-2
39.054,0.121,-3.809E-2
39.071,0.121,-3.830E-2
39.087,0.121,-3.896E-2
39.104,0.121,-3.972E-2
39.121,0.122,-4.105E-2
39.137,0.122,-4.245E-2
39.154,0.122,-4.405E-2
39.171,0.123,-4.598E-2
39.187,0.123,-4.766E-2
39.204,0.123,-4.931E-2
39.221,0.124,-5.091E-2
39.237,0.125,-5.225E-2
39.254,0.125,-5.324E-2
39.271,0.126,-5.406E-2
39.287,0.126,-5.438E-2
39.304,0.127,-5.432E-2
39.321,0.127,-5.386E-2
39.337,0.128,-5.301E-2
39.354,0.128,-5.185E-2
39.371,0.128,-5.046E-2
39.387,0.128,-4.898E-2
39.404,0.129,-4.730E-2
39.421,0.129,-4.566E-2
39.437,0.128,-4.408E-2
39.454,0.128,-4.265E-2
39.471,0.128,-4.132E-2
39.487,0.128,-4.028E-2
39.504,0.127,-3.961E-2
39.521,0.127,-3.917E-2
39.537,0.127,-3.902E-2
39.554,0.126,-3.916E-2
39.571,0.126,-3.972E-2
39.587,0.125,-4.046E-2
39.604,0.125,-4.157E-2
39.621,0.124,-4.297E-2
39.637,0.124,-4.445E-2
39.654,0.123,-4.596E-2
39.671,0.123,-4.761E-2
39.687,0.122,-4.908E-2
39.704,0.122,-5.057E-2
39.721,0.122,-5.187E-2
39.737,0.122,-5.287E-2
39.754,0.122,-5.354E-2
39.771,0.122,-5.392E-2
39.787,0.122,-5.389E-2
39.804,0.122,-5.346E-2
39.821,0.123,-5.278E-2
39.837,0.123,-5.180E-2
39.854,0.123,-5.050E-2
39.871,0.124,-4.889E-2
39.887,0.124,-4.732E-2
39.904,0.125,-4.581E-2
39.921,0.125,-4.418E-2
39.937,0.126,-4.255E-2
39.954,0.126,-4.119E-2
39.971,0.127,-4.015E-2
39.987,0.127,-3.940E-2
40.004,0.127,-3.894E-2
40.021,0.128,-3.870E-2
40.037,0.128,-3.877E-2
40.054,0.128,-3.914E-2
40.071,0.128,-4.005E-2
40.087,0.128,-4.108E-2
40.104,0.128,-4.228E-2
40.121,0.128,-4.382E-2
40.137,0.128,-4.559E-2
40.154,0.128,-4.746E-2
40.171,0.127,-4.912E-2
40.187,0.127,-5.077E-2
40.204,0.126,-5.227E-2
40.221,0.126,-5.353E-2
40.237,0.125,-5.439E-2
40.254,0.125,-5.486E-2
40.271,0.124,-5.495E-2
40.287,0.123,-5.478E-2
40.304,0.123,-5.410E-2
40.321,0.123,-5.303E-2
40.337,0.122,-5.168E-2
40.354,0.122,-5.020E-2
40.371,0.121,-4.845E-2
40.387,0.121,-4.669E-2
40.404,0.121,-4.494E-2
40.421,0.121,-4.327E-2
40.437,0.121,-4.165E-2
40.454,0.121,-4.036E-2
40.471,0.121,-3.931E-2
40.487,0.121,-3.856E-2
40.504,0.122,-3.809E-2
40.521,0.122,-3.778E-2
40.537,0.123,-3.814E-2
40.554,0.123,-3.853E-2
40.571,0.124,-3.946E-2
40.587,0.124,-4.057E-2
40.604,0.125,-4.190E-2
40.621,0.125,-4.359E-2
40.637,0.126,-4.525E-2
40.654,0.126,-4.709E-2
40.671,0.127,-4.883E-2
40.687,0.127,-5.055E-2
40.704,0.127,-5.203E-2
40.721,0.128,-5.321E-2
40.737,0.128,-5.421E-2
40.754,0.128,-5.481E-2
40.771,0.128,-5.495E-2
40.787,0.128,-5.480E-2
40.804,0.128,-5.418E-2
40.821,0.128,-5.325E-2
40.837,0.127,-5.197E-2
40.854,0.127,-5.042E-2
40.871,0.126,-4.879E-2
40.887,0.126,-4.699E-2
40.904,0.125,-4.525E-2
40.921,0.125,-4.350E-2
40.937,0.124,-4.199E-2
40.954,0.124,-4.081E-2
40.971,0.123,-3.965E-2
40.987,0.123,-3.909E-2
41.004,0.122,-3.882E-2
41.021,0.122,-3.870E-2
41.037,0.122,-3.905E-2
41.054,0.122,-3.962E-2
41.071,0.121,-4.052E-2
41.088,0.121,-4.154E-2
41.104,0.121,-4.299E-2
41.121,0.121,-4.440E-2
41.138,0.121,-4.602E-2
41.154,0.122,-4.762E-2
41.171,0.122,-4.928E-2
41.188,0.123,-5.063E-2
41.204,0.123,-5.191E-2
41.221,0.124,-5.289E-2
41.238,0.124,-5.358E-2
41.254,0.125,-5.376E-2
41.271,0.126,-5.375E-2
41.288,0.126,-5.328E-2
41.304,0.127,-5.267E-2
41.321,0.127,-5.167E-2
41.338,0.128,-5.039E-2
41.354,0.128,-4.887E-2
41.371,0.129,-4.750E-2
41.388,0.129,-4.590E-2
41.404,0.129,-4.432E-2
41.421,0.129,-4.292E-2
41.438,0.129,-4.174E-2
41.454,0.129,-4.079E-2
41.471,0.129,-4.002E-2
41.488,0.128,-3.965E-2
41.504,0.128,-3.958E-2
41.521,0.128,-3.984E-2
41.538,0.127,-4.030E-2
41.554,0.127,-4.104E-2
41.571,0.126,-4.208E-2
41.588,0.125,-4.331E-2
41.604,0.125,-4.478E-2
41.621,0.124,-4.624E-2
41.638,0.124,-4.770E-2
41.654,0.123,-4.913E-2
41.671,0.123,-5.058E-2
41.688,0.122,-5.175E-2
41.704,0.122,-5.263E-2
41.721,0.122,-5.335E-2
41.738,0.122,-5.371E-2
41.754,0.122,-5.364E-2
41.771,0.122,-5.324E-2
41.788,0.122,-5.259E-2
41.804,0.122,-5.152E-2
41.821,0.122,-5.026E-2
41.838,0.122,-4.887E-2
41.854,0.123,-4.729E-2
41.871,0.123,-4.575E-2
41.888,0.124,-4.417E-2
41.904,0.124,-4.277E-2
41.921,0.125,-4.142E-2
41.938,0.125,-4.043E-2
41.954,0.126,-3.983E-2
41.971,0.126,-3.924E-2
41.988,0.127,-3.899E-2
42.004,0.127,-3.923E-2
42.021,0.127,-3.954E-2
42.038,0.128,-4.026E-2
42.054,0.128,-4.123E-2
42.071,0.128,-4.260E-2
42.088,0.128,-4.402E-2
42.104,0.128,-4.565E-2
42.121,0.128,-4.742E-2
42.138,0.128,-4.909E-2
42.154,0.128,-5.074E-2
42.171,0.127,-5.214E-2
42.188,0.127,-5.336E-2
42.204,0.126,-5.419E-2
42.221,0.126,-5.470E-2
42.238,0.125,-5.493E-2
42.254,0.125,-5.472E-2
42.271,0.124,-5.405E-2
42.288,0.124,-5.305E-2
42.304,0.123,-5.182E-2
42.321,0.123,-5.030E-2
42.338,0.122,-4.860E-2
42.354,0.122,-4.704E-2
42.371,0.122,-4.545E-2
42.388,0.121,-4.360E-2
42.404,0.121,-4.216E-2
42.421,0.121,-4.077E-2
42.438,0.121,-3.973E-2
42.454,0.121,-3.898E-2
42.471,0.121,-3.852E-2
42.488,0.122,-3.835E-2
42.504,0.122,-3.880E-2
42.521,0.122,-3.904E-2
42.538,0.123,-3.998E-2
42.554,0.123,-4.096E-2
42.571,0.123,-4.225E-2
42.588,0.124,-4.368E-2
42.604,0.125,-4.525E-2
42.621,0.125,-4.698E-2
42.638,0.126,-4.858E-2
42.654,0.126,-5.023E-2
42.671,0.127,-5.160E-2
42.688,0.127,-5.269E-2
42.704,0.127,-5.360E-2
42.721,0.128,-5.415E-2
42.738,0.128,-5.431E-2
42.754,0.128,-5.410E-2
42.771,0.128,-5.355E-2
42.788,0.128,-5.272E-2
42.804,0.128,-5.154E-2
42.821,0.128,-5.029E-2
42.838,0.128,-4.872E-2
42.854,0.128,-4.711E-2
42.871,0.127,-4.545E-2
42.888,0.127,-4.390E-2
42.904,0.126,-4.246E-2
42.921,0.126,-4.131E-2
42.938,0.125,-4.027E-2
42.954,0.125,-3.964E-2
42.971,0.124,-3.922E-2
42.988,0.124,-3.919E-2
43.004,0.123,-3.950E-2
43.021,0.123,-4.008E-2
43.038,0.122,-4.084E-2
43.054,0.122,-4.201E-2
43.071,0.122,-4.322E-2
43.088,0.122,-4.475E-2
43.104,0.121,-4.622E-2
43.121,0.121,-4.765E-2
43.138,0.122,-4.922E-2
43.154,0.122,-5.041E-2
43.171,0.122,-5.152E-2
43.188,0.122,-5.245E-2
43.204,0.123,-5.304E-2
43.221,0.123,-5.327E-2
43.238,0.124,-5.319E-2
43.254,0.124,-5.287E-2
43.271,0.125,-5.211E-2
43.288,0.126,-5.101E-2
43.304,0.126,-4.990E-2
43.321,0.127,-4.858E-2
43.338,0.127,-4.733E-2
43.354,0.128,-4.590E-2
43.371,0.128,-4.459E-2
43.388,0.129,-4.316E-2
43.404,0.129,-4.208E-2
43.421,0.129,-4.126E-2
43.438,0.129,-4.065E-2
43.454,0.129,-4.031E-2
43.471,0.129,-4.021E-2
43.488,0.129,-4.041E-2
43.504,0.128,-4.100E-2
43.521,0.128,-4.168E-2
43.538,0.128,-4.270E-2
43.554,0.127,-4.397E-2
43.571,0.127,-4.531E-2
43.588,0.126,-4.667E-2
43.604,0.125,-4.813E-2
43.621,0.125,-4.959E-2
43.638,0.124,-5.082E-2
43.654,0.123,-5.183E-2
43.671,0.123,-5.268E-2
43.688,0.122,-5.324E-2
43.704,0.122,-5.347E-2
43.721,0.121,-5.338E-2
43.738,0.121,-5.295E-2
43.754,0.121,-5.231E-2
43.771,0.121,-5.131E-2
43.788,0.121,-5.013E-2
43.804,0.121,-4.872E-2
43.821,0.121,-4.726E-2
43.838,0.122,-4.585E-2
43.854,0.122,-4.442E-2
43.871,0.123,-4.306E-2
43.888,0.123,-4.174E-2
43.904,0.124,-4.086E-2
43.921,0.124,-3.996E-2
43.938,0.125,-3.946E-2
43.954,0.125,-3.933E-2
43.971,0.126,-3.950E-2
43.988,0.126,-3.984E-2
44.004,0.127,-4.056E-2
44.021,0.127,-4.150E-2
44.038,0.127,-4.286E-2
44.054,0.128,-4.435E-2
44.071,0.128,-4.586E-2
44.088,0.128,-4.751E-2
44.104,0.128,-4.914E-2
44.121,0.128,-5.070E-2
44.138,0.128,-5.201E-2
44.154,0.128,-5.307E-2
44.171,0.128,-5.393E-2
44.188,0.127,-5.442E-2
44.204,0.127,-5.448E-2
44.221,0.126,-5.431E-2
44.238,0.126,-5.368E-2
44.254,0.125,-5.283E-2
44.271,0.125,-5.166E-2
44.288,0.124,-5.032E-2
44.304,0.123,-4.871E-2
44.321,0.123,-4.712E-2
44.338,0.123,-4.554E-2
44.355,0.122,-4.396E-2
44.371,0.122,-4.258E-2
44.388,0.122,-4.130E-2
44.405,0.122,-4.043E-2
44.421,0.121,-3.985E-2
44.438,0.121,-3.936E-2
44.455,0.121,-3.916E-2
44.471,0.121,-3.923E-2
44.488,0.122,-3.985E-2
44.505,0.122,-4.043E-2
44.521,0.122,-4.145E-2
44.538,0.123,-4.256E-2
44.555,0.123,-4.419E-2
44.571,0.124,-4.569E-2
44.588,0.124,-4.716E-2
44.605,0.125,-4.873E-2
44.621,0.125,-5.015E-2
44.638,0.126,-5.145E-2
44.655,0.126,-5.249E-2
44.671,0.127,-5.324E-2
44.688,0.127,-5.374E-2
44.705,0.128,-5.387E-2
44.721,0.128,-5.375E-2
44.738,0.128,-5.332E-2
44.755,0.129,-5.251E-2
44.771,0.129,-5.147E-2
44.788,0.129,-5.018E-2
44.805,0.129,-4.876E-2
44.821,0.128,-4.727E-2
44.838,0.128,-4.582E-2
44.855,0.128,-4.448E-2
44.871,0.128,-4.318E-2
44.888,0.127,-4.194E-2
44.905,0.127,-4.108E-2
44.921,0.126,-4.052E-2
44.938,0.126,-4.018E-2
44.955,0.125,-4.011E-2
44.971,0.125,-4.030E-2
44.988,0.124,-4.068E-2
45.005,0.124,-4.154E-2
45.021,0.123,-4.254E-2
45.038,0.123,-4.355E-2
45.055,0.123,-4.497E-2
45.071,0.122,-4.627E-2
45.088,0.122,-4.768E-2
45.105,0.122,-4.910E-2
45.121,0.122,-5.026E-2
45.138,0.122,-5.132E-2
45.155,0.122,-5.211E-2
45.171,0.122,-5.252E-2
45.188,0.122,-5.275E-2
45.205,0.123,-5.273E-2
45.221,0.123,-5.228E-2
45.238,0.124,-5.157E-2
45.255,0.124,-5.061E-2
45.271,0.125,-4.954E-2
45.288,0.125,-4.830E-2
45.305,0.126,-4.696E-2
45.321,0.126,-4.565E-2
45.338,0.127,-4.440E-2
45.355,0.127,-4.315E-2
45.371,0.128,-4.213E-2
45.388,0.128,-4.132E-2
45.405,0.128,-4.075E-2
45.421,0.129,-4.040E-2
45.438,0.129,-4.047E-2
45.455,0.129,-4.072E-2
45.471,0.129,-4.127E-2
45.488,0.128,-4.209E-2
45.505,0.128,-4.307E-2
45.521,0.128,-4.419E-2
45.538,0.128,-4.543E-2
45.555,0.127,-4.675E-2
45.571,0.127,-4.810E-2
45.588,0.126,-4.943E-2
45.605,0.125,-5.050E-2
45.621,0.125,-5.150E-2
45.638,0.124,-5.219E-2
45.655,0.124,-5.277E-2
45.671,0.123,-5.295E-2
45.688,0.122,-5.286E-2
45.705,0.122,-5.234E-2
45.721,0.122,-5.167E-2
45.738,0.121,-5.081E-2
45.755,0.121,-4.954E-2
45.771,0.121,-4.837E-2
45.788,0.121,-4.696E-2
45.805,0.121,-4.566E-2
45.821,0.121,-4.424E-2
45.838,0.121,-4.296E-2
45.855,0.122,-4.191E-2
45.871,0.122,-4.077E-2
45.888,0.122,-4.009E-2
45.905,0.123,-3.964E-2
45.921,0.124,-3.947E-2
45.938,0.124,-3.956E-2
45.955,0.125,-3.989E-2
45.971,0.125,-4.060E-2
45.988,0.126,-4.158E-2
46.005,0.126,-4.274E-2
46.021,0.127,-4.422E-2
46.038,0.127,-4.572E-2
46.055,0.128,-4.720E-2
46.071,0.128,-4.876E-2
46.088,0.128,-5.023E-2
46.105,0.129,-5.153E-2
46.121,0.129,-5.259E-2
46.138,0.129,-5.345E-2
46.155,0.128,-5.393E-2
46.171,0.128,-5.406E-2
46.188,0.128,-5.375E-2
46.205,0.127,-5.327E-2
46.221,0.127,-5.237E-2
46.238,0.126,-5.122E-2
46.255,0.126,-4.984E-2
46.271,0.125,-4.840E-2
46.288,0.125,-4.686E-2
46.305,0.124,-4.537E-2
46.321,0.124,-4.398E-2
46.338,0.123,-4.278E-2
46.355,0.123,-4.165E-2
46.371,0.122,-4.059E-2
46.388,0.122,-3.986E-2
46.405,0.122,-3.942E-2
46.421,0.122,-3.944E-2
46.438,0.122,-3.951E-2
46.455,0.121,-3.992E-2
46.471,0.122,-4.074E-2
46.488,0.122,-4.148E-2
46.505,0.122,-4.263E-2
46.521,0.122,-4.392E-2
46.538,0.123,-4.528E-2
46.555,0.123,-4.672E-2
46.571,0.123,-4.816E-2
46.588,0.124,-4.949E-2
46.605,0.125,-5.070E-2
46.621,0.125,-5.160E-2
46.638,0.126,-5.246E-2
46.655,0.126,-5.295E-2
46.671,0.127,-5.310E-2
46.688,0.127,-5.291E-2
46.705,0.128,-5.247E-2
46.721,0.128,-5.175E-2
46.738,0.128,-5.080E-2
46.755,0.129,-4.957E-2
46.771,0.129,-4.838E-2
46.788,0.129,-4.703E-2
46.805,0.129,-4.573E-2
46.821,0.129,-4.435E-2
46.838,0.128,-4.321E-2
46.855,0.128,-4.228E-2
46.871,0.128,-4.147E-2
46.888,0.127,-4.097E-2
46.905,0.127,-4.076E-2
46.921,0.126,-4.072E-2
46.938,0.126,-4.095E-2
46.955,0.125,-4.142E-2
46.971,0.125,-4.211E-2
46.988,0.124,-4.306E-2
47.005,0.124,-4.405E-2
47.021,0.123,-4.532E-2
47.038,0.123,-4.664E-2
47.055,0.122,-4.780E-2
47.071,0.122,-4.916E-2
47.088,0.122,-5.028E-2
47.105,0.122,-5.120E-2
47.121,0.121,-5.180E-2
47.138,0.121,-5.219E-2
47.155,0.122,-5.251E-2
47.171,0.122,-5.224E-2
47.188,0.122,-5.185E-2
47.205,0.122,-5.127E-2
47.221,0.123,-5.015E-2
47.238,0.123,-4.927E-2
47.255,0.124,-4.797E-2
47.271,0.124,-4.676E-2
47.288,0.125,-4.554E-2
47.305,0.125,-4.430E-2
47.321,0.126,-4.323E-2
47.338,0.126,-4.242E-2
47.355,0.127,-4.164E-2
47.371,0.127,-4.101E-2
47.388,0.127,-4.087E-2
47.405,0.128,-4.081E-2
47.421,0.128,-4.108E-2
47.438,0.128,-4.156E-2
47.455,0.128,-4.233E-2
47.471,0.128,-4.332E-2
47.488,0.128,-4.438E-2
47.505,0.128,-4.566E-2
47.521,0.128,-4.694E-2
47.538,0.127,-4.827E-2
47.555,0.127,-4.948E-2
47.571,0.127,-5.058E-2
47.588,0.126,-5.141E-2
47.605,0.126,-5.210E-2
47.621,0.125,-5.253E-2
47.638,0.124,-5.261E-2
47.655,0.124,-5.245E-2
47.672,0.123,-5.206E-2
47.688,0.123,-5.131E-2
47.705,0.122,-5.036E-2
47.722,0.122,-4.929E-2
47.738,0.121,-4.794E-2
47.755,0.121,-4.657E-2
47.772,0.121,-4.534E-2
47.788,0.121,-4.399E-2
47.805,0.121,-4.281E-2
47.822,0.121,-4.184E-2
47.838,0.121,-4.093E-2
47.855,0.121,-4.030E-2
47.872,0.122,-3.995E-2
47.888,0.122,-3.971E-2
47.905,0.123,-3.990E-2
47.922,0.123,-4.030E-2
47.938,0.124,-4.075E-2
47.955,0.124,-4.170E-2
47.972,0.125,-4.286E-2
47.988,0.125,-4.416E-2
48.005,0.126,-4.539E-2
48.022,0.127,-4.686E-2
48.038,0.127,-4.840E-2
48.055,0.128,-4.978E-2
48.072,0.128,-5.111E-2
48.088,0.128,-5.213E-2
48.105,0.129,-5.308E-2
48.122,0.129,-5.359E-2
48.138,0.129,-5.372E-2
48.155,0.129,-5.357E-2
48.172,0.129,-5.304E-2
48.188,0.128,-5.216E-2
48.205,0.128,-5.104E-2
48.222,0.128,-4.980E-2
48.238,0.127,-4.830E-2
48.255,0.127,-4.686E-2
48.272,0.126,-4.543E-2
48.288,0.126,-4.388E-2
48.305,0.125,-4.280E-2
48.322,0.124,-4.169E-2
48.338,0.124,-4.082E-2
48.355,0.123,-4.018E-2
48.372,0.123,-3.990E-2
48.388,0.122,-3.992E-2
48.405,0.122,-4.006E-2
48.422,0.122,-4.043E-2
48.438,0.122,-4.115E-2
48.455,0.121,-4.186E-2
48.472,0.121,-4.297E-2
48.488,0.121,-4.422E-2
48.505,0.122,-4.541E-2
48.522,0.122,-4.673E-2
48.538,0.122,-4.799E-2
48.555,0.123,-4.914E-2
48.572,0.123,-5.039E-2
48.588,0.124,-5.120E-2
48.605,0.124,-5.187E-2
48.622,0.125,-5.227E-2
48.638,0.126,-5.245E-2
48.655,0.126,-5.229E-2
48.672,0.127,-5.188E-2
48.688,0.127,-5.125E-2
48.705,0.128,-5.037E-2
48.722,0.128,-4.936E-2
48.738,0.129,-4.815E-2
48.755,0.129,-4.700E-2
48.772,0.129,-4.573E-2
48.788,0.129,-4.445E-2
48.805,0.129,-4.337E-2
48.822,0.129,-4.244E-2
48.838,0.129,-4.186E-2
48.855,0.128,-4.131E-2
48.872,0.128,-4.103E-2
48.888,0.128,-4.106E-2
48.905,0.127,-4.126E-2
48.922,0.127,-4.177E-2
48.938,0.126,-4.255E-2
48.955,0.125,-4.339E-2
48.972,0.125,-4.433E-2
48.988,0.124,-4.557E-2
49.005,0.124,-4.680E-2
49.022,0.123,-4.790E-2
49.038,0.122,-4.909E-2
49.055,0.122,-5.014E-2
49.072,0.122,-5.090E-2
49.088,0.121,-5.153E-2
49.105,0.121,-5.188E-2
49.122,0.121,-5.199E-2
49.138,0.121,-5.180E-2
49.155,0.121,-5.144E-2
49.172,0.121,-5.073E-2
49.188,0.122,-4.982E-2
49.205,0.122,-4.868E-2
49.222,0.123,-4.763E-2
49.238,0.123,-4.644E-2
49.255,0.123,-4.521E-2
49.272,0.124,-4.400E-2
49.288,0.125,-4.310E-2
49.305,0.125,-4.225E-2
49.322,0.126,-4.161E-2
49.338,0.126,-4.106E-2
49.355,0.127,-4.092E-2
49.372,0.127,-4.111E-2
49.388,0.127,-4.138E-2
49.405,0.128,-4.187E-2
49.422,0.128,-4.263E-2
49.438,0.128,-4.355E-2
49.455,0.128,-4.474E-2
49.472,0.128,-4.593E-2
49.488,0.128,-4.717E-2
49.505,0.128,-4.844E-2
49.522,0.128,-4.968E-2
49.538,0.127,-5.069E-2
49.555,0.127,-5.158E-2
49.572,0.127,-5.208E-2
49.588,0.126,-5.246E-2
49.605,0.126,-5.254E-2
49.622,0.125,-5.234E-2
49.638,0.124,-5.192E-2
49.655,0.124,-5.115E-2
49.672,0.123,-5.021E-2
49.688,0.123,-4.912E-2
49.705,0.123,-4.800E-2
49.722,0.122,-4.654E-2
49.738,0.122,-4.520E-2
49.755,0.122,-4.387E-2
49.772,0.122,-4.288E-2
49.788,0.121,-4.178E-2
49.805,0.121,-4.089E-2
49.822,0.121,-4.022E-2
49.838,0.122,-4.005E-2
49.855,0.122,-3.996E-2
49.872,0.122,-4.020E-2
49.888,0.122,-4.051E-2
49.905,0.123,-4.126E-2
49.922,0.123,-4.206E-2
49.938,0.124,-4.305E-2
49.955,0.124,-4.427E-2
49.972,0.125,-4.565E-2
49.988,0.125,-4.701E-2
50.005,0.126,-4.825E-2
50.022,0.126,-4.949E-2
50.038,0.127,-5.078E-2
50.055,0.127,-5.184E-2
50.072,0.128,-5.253E-2
50.088,0.128,-5.300E-2
50.105,0.128,-5.312E-2
50.122,0.129,-5.294E-2
50.138,0.129,-5.256E-2
50.155,0.129,-5.169E-2
50.172,0.128,-5.086E-2
50.188,0.128,-4.966E-2
50.205,0.128,-4.837E-2
50.222,0.128,-4.703E-2
50.238,0.127,-4.573E-2
50.255,0.127,-4.430E-2
50.272,0.126,-4.308E-2
50.288,0.126,-4.195E-2
50.305,0.125,-4.119E-2
50.322,0.125,-4.071E-2
50.338,0.124,-4.026E-2
50.355,0.124,-4.030E-2
50.372,0.123,-4.051E-2
50.388,0.123,-4.080E-2
50.405,0.122,-4.159E-2
50.422,0.122,-4.232E-2
50.438,0.122,-4.336E-2
50.455,0.122,-4.454E-2
50.472,0.121,-4.567E-2
50.488,0.121,-4.689E-2
50.505,0.121,-4.807E-2
50.522,0.122,-4.907E-2
50.538,0.122,-5.012E-2
50.555,0.122,-5.099E-2
50.572,0.123,-5.164E-2
50.588,0.123,-5.200E-2
50.605,0.124,-5.205E-2
50.622,0.124,-5.188E-2
50.638,0.125,-5.145E-2
50.655,0.126,-5.086E-2
50.672,0.126,-5.004E-2
50.688,0.127,-4.894E-2
50.705,0.127,-4.792E-2
50.722,0.128,-4.682E-2
50.738,0.128,-4.578E-2
50.755,0.128,-4.463E-2
50.772,0.128,-4.375E-2
50.788,0.129,-4.295E-2
50.805,0.129,-4.230E-2
50.822,0.129,-4.186E-2
50.838,0.128,-4.173E-2
50.855,0.128,-4.171E-2
50.872,0.128,-4.198E-2
50.888,0.127,-4.249E-2
50.905,0.127,-4.320E-2
50.922,0.127,-4.400E-2
50.939,0.126,-4.505E-2
50.955,0.125,-4.622E-2
50.972,0.125,-4.719E-2
50.989,0.124,-4.839E-2
51.005,0.123,-4.932E-2
51.022,0.123,-5.018E-2
51.039,0.122,-5.087E-2
51.055,0.122,-5.151E-2
51.072,0.122,-5.183E-2
51.089,0.121,-5.179E-2
51.105,0.121,-5.149E-2
51.122,0.121,-5.101E-2
51.139,0.121,-5.032E-2
51.155,0.121,-4.944E-2
51.172,0.121,-4.837E-2
51.189,0.121,-4.736E-2
51.205,0.122,-4.619E-2
51.222,0.122,-4.504E-2
51.239,0.123,-4.392E-2
51.255,0.123,-4.292E-2
51.272,0.124,-4.210E-2
51.289,0.124,-4.152E-2
51.305,0.125,-4.120E-2
51.322,0.125,-4.112E-2
51.339,0.126,-4.115E-2
51.355,0.126,-4.149E-2
51.372,0.127,-4.203E-2
51.389,0.127,-4.288E-2
51.405,0.128,-4.378E-2
51.422,0.128,-4.491E-2
51.439,0.128,-4.609E-2
51.455,0.128,-4.738E-2
51.472,0.128,-4.857E-2
51.489,0.128,-4.974E-2
51.505,0.128,-5.068E-2
51.522,0.128,-5.148E-2
51.539,0.128,-5.205E-2
51.555,0.127,-5.234E-2
51.572,0.127,-5.246E-2
51.589,0.126,-5.214E-2
51.605,0.126,-5.167E-2
51.622,0.125,-5.104E-2
51.639,0.125,-5.011E-2
51.655,0.124,-4.904E-2
51.672,0.124,-4.787E-2
51.689,0.123,-4.659E-2
51.705,0.123,-4.547E-2
51.722,0.123,-4.414E-2
51.739,0.122,-4.299E-2
51.755,0.122,-4.210E-2
51.772,0.122,-4.133E-2
51.789,0.122,-4.076E-2
51.805,0.122,-4.036E-2
51.822,0.122,-4.022E-2
51.839,0.122,-4.029E-2
51.855,0.122,-4.083E-2
51.872,0.122,-4.143E-2
51.889,0.123,-4.231E-2
51.905,0.123,-4.325E-2
51.922,0.123,-4.455E-2
51.939,0.124,-4.579E-2
51.955,0.124,-4.714E-2
51.972,0.125,-4.841E-2
51.989,0.125,-4.965E-2
52.005,0.126,-5.078E-2
52.022,0.126,-5.169E-2
52.039,0.127,-5.238E-2
52.055,0.127,-5.282E-2
52.072,0.128,-5.299E-2
52.089,0.128,-5.282E-2
52.105,0.128,-5.242E-2
52.122,0.128,-5.172E-2
52.139,0.128,-5.071E-2
52.155,0.128,-4.971E-2
52.172,0.128,-4.849E-2
52.189,0.128,-4.712E-2
52.205,0.128,-4.587E-2
52.222,0.128,-4.468E-2
52.239,0.127,-4.351E-2
52.255,0.127,-4.251E-2
52.272,0.126,-4.182E-2
52.289,0.126,-4.128E-2
52.305,0.125,-4.096E-2
52.322,0.125,-4.096E-2
52.339,0.124,-4.107E-2
52.355,0.124,-4.147E-2
52.372,0.123,-4.210E-2
52.389,0.123,-4.295E-2
52.405,0.122,-4.390E-2
52.422,0.122,-4.503E-2
52.439,0.122,-4.610E-2
52.455,0.122,-4.742E-2
52.472,0.121,-4.840E-2
52.489,0.121,-4.939E-2
52.505,0.121,-5.034E-2
52.522,0.122,-5.093E-2
52.539,0.122,-5.160E-2
52.555,0.122,-5.180E-2
52.572,0.122,-5.180E-2
52.589,0.123,-5.149E-2
52.605,0.123,-5.098E-2
52.622,0.124,-5.028E-2
52.639,0.124,-4.950E-2
52.655,0.125,-4.852E-2
52.672,0.125,-4.750E-2
52.689,0.126,-4.643E-2
52.705,0.126,-4.538E-2
52.722,0.127,-4.446E-2
52.739,0.127,-4.353E-2
52.755,0.128,-4.283E-2
52.772,0.128,-4.231E-2
52.789,0.128,-4.198E-2
52.805,0.128,-4.191E-2
52.822,0.128,-4.202E-2
52.839,0.128,-4.230E-2
52.855,0.128,-4.282E-2
52.872,0.128,-4.354E-2
52.889,0.127,-4.430E-2
52.905,0.127,-4.536E-2
52.922,0.127,-4.630E-2
52.939,0.126,-4.726E-2
52.955,0.126,-4.823E-2
52.972,0.125,-4.911E-2
52.989,0.124,-4.989E-2
53.005,0.124,-5.070E-2
53.022,0.123,-5.110E-2
53.039,0.123,-5.118E-2
53.055,0.122,-5.124E-2
53.072,0.122,-5.097E-2
53.089,0.121,-5.045E-2
53.105,0.121,-4.985E-2
53.122,0.121,-4.901E-2
53.139,0.121,-4.799E-2
53.155,0.121,-4.692E-2
53.172,0.121,-4.576E-2
53.189,0.121,-4.476E-2
53.205,0.122,-4.371E-2
53.222,0.122,-4.296E-2
53.239,0.122,-4.222E-2
53.255,0.123,-4.166E-2
53.272,0.124,-4.128E-2
53.289,0.124,-4.121E-2
53.305,0.125,-4.130E-2
53.322,0.125,-4.165E-2
53.339,0.126,-4.214E-2
53.355,0.126,-4.307E-2
53.372,0.127,-4.403E-2
53.389,0.127,-4.506E-2
53.405,0.128,-4.638E-2
53.422,0.128,-4.765E-2
53.439,0.128,-4.873E-2
53.455,0.128,-4.981E-2
53.472,0.128,-5.075E-2
53.489,0.128,-5.144E-2
53.505,0.128,-5.200E-2
53.522,0.128,-5.224E-2
53.539,0.128,-5.219E-2
53.555,0.128,-5.193E-2
53.572,0.127,-5.147E-2
53.589,0.127,-5.075E-2
53.605,0.126,-4.987E-2
53.622,0.126,-4.884E-2
53.639,0.125,-4.763E-2
53.655,0.125,-4.648E-2
53.672,0.124,-4.522E-2
53.689,0.123,-4.410E-2
53.705,0.123,-4.312E-2
53.722,0.123,-4.218E-2
53.739,0.122,-4.148E-2
53.755,0.122,-4.095E-2
53.772,0.122,-4.069E-2
53.789,0.122,-4.077E-2
53.805,0.122,-4.082E-2
53.822,0.122,-4.118E-2
53.839,0.122,-4.161E-2
53.855,0.122,-4.259E-2
53.872,0.122,-4.348E-2
53.889,0.123,-4.462E-2
53.905,0.123,-4.579E-2
53.922,0.123,-4.706E-2
53.939,0.124,-4.835E-2
53.955,0.124,-4.946E-2
53.972,0.125,-5.040E-2
53.989,0.125,-5.132E-2
54.005,0.126,-5.192E-2
54.022,0.126,-5.231E-2
54.039,0.127,-5.243E-2
54.055,0.127,-5.231E-2
54.072,0.128,-5.190E-2
54.089,0.128,-5.120E-2
54.105,0.128,-5.034E-2
54.122,0.128,-4.935E-2
54.139,0.128,-4.819E-2
54.155,0.128,-4.704E-2
54.172,0.128,-4.595E-2
54.189,0.128,-4.476E-2
54.206,0.128,-4.380E-2
54.222,0.127,-4.288E-2
54.239,0.127,-4.208E-2
54.256,0.127,-4.164E-2
54.272,0.126,-4.138E-2
54.289,0.126,-4.136E-2
54.306,0.125,-4.156E-2
54.322,0.125,-4.192E-2
54.339,0.124,-4.264E-2
54.356,0.124,-4.338E-2
54.372,0.123,-4.431E-2
54.389,0.123,-4.526E-2
54.406,0.122,-4.645E-2
54.422,0.122,-4.742E-2
54.439,0.122,-4.840E-2
54.456,0.122,-4.933E-2
54.472,0.121,-5.005E-2
54.489,0.121,-5.061E-2
54.506,0.121,-5.107E-2
54.522,0.122,-5.115E-2
54.539,0.122,-5.126E-2
54.556,0.122,-5.100E-2
54.572,0.122,-5.053E-2
54.589,0.123,-4.978E-2
54.606,0.123,-4.887E-2
54.622,0.124,-4.796E-2
54.639,0.124,-4.712E-2
54.656,0.125,-4.611E-2
54.672,0.125,-4.522E-2
54.689,0.126,-4.426E-2
54.706,0.126,-4.351E-2
54.722,0.126,-4.300E-2
54.739,0.127,-4.259E-2
54.756,0.127,-4.224E-2
54.772,0.127,-4.220E-2
54.789,0.128,-4.241E-2
54.806,0.128,-4.276E-2
54.822,0.128,-4.331E-2
54.839,0.128,-4.391E-2
54.856,0.128,-4.483E-2
54.872,0.128,-4.565E-2
54.889,0.127,-4.661E-2
54.906,0.127,-4.761E-2
54.922,0.127,-4.853E-2
54.939,0.126,-4.937E-2
54.956,0.126,-5.011E-2
54.972,0.125,-5.070E-2
54.989,0.125,-5.102E-2
55.006,0.124,-5.113E-2
55.022,0.124,-5.102E-2
55.039,0.123,-5.072E-2
55.056,0.123,-5.029E-2
55.072,0.122,-4.939E-2
55.089,0.122,-4.867E-2
55.106,0.122,-4.775E-2
55.122,0.122,-4.659E-2
55.139,0.122,-4.569E-2
55.156,0.121,-4.463E-2
55.172,0.121,-4.376E-2
55.189,0.122,-4.297E-2
55.206,0.122,-4.226E-2
55.222,0.122,-4.177E-2
55.239,0.123,-4.156E-2
55.256,0.123,-4.151E-2
55.272,0.123,-4.149E-2
55.289,0.124,-4.188E-2
55.306,0.124,-4.233E-2
55.322,0.125,-4.319E-2
55.339,0.126,-4.401E-2
55.356,0.126,-4.512E-2
55.372,0.127,-4.615E-2
55.389,0.127,-4.742E-2
55.406,0.127,-4.848E-2
55.422,0.128,-4.948E-2
55.439,0.128,-5.040E-2
55.456,0.128,-5.116E-2
55.472,0.129,-5.169E-2
55.489,0.129,-5.197E-2
55.506,0.129,-5.197E-2
55.522,0.128,-5.174E-2
55.539,0.128,-5.122E-2
55.556,0.128,-5.049E-2
55.572,0.128,-4.954E-2
55.589,0.127,-4.854E-2
55.606,0.127,-4.727E-2
55.622,0.126,-4.609E-2
55.639,0.126,-4.493E-2
55.656,0.125,-4.392E-2
55.672,0.125,-4.290E-2
55.689,0.124,-4.202E-2
55.706,0.123,-4.143E-2
55.722,0.123,-4.110E-2
55.739,0.123,-4.074E-2
55.756,0.122,-4.083E-2
55.772,0.122,-4.105E-2
55.789,0.122,-4.151E-2
55.806,0.122,-4.203E-2
55.822,0.122,-4.275E-2
55.839,0.122,-4.371E-2
55.856,0.122,-4.485E-2
55.872,0.122,-4.587E-2
55.889,0.122,-4.699E-2
55.906,0.123,-4.815E-2
55.922,0.123,-4.908E-2
55.939,0.123,-5.010E-2
55.956,0.124,-5.089E-2
55.972,0.125,-5.142E-2
55.989,0.125,-5.177E-2
56.006,0.126,-5.191E-2
56.022,0.126,-5.178E-2
56.039,0.126,-5.126E-2
56.056,0.127,-5.076E-2
56.072,0.127,-4.996E-2
56.089,0.128,-4.895E-2
56.106,0.128,-4.795E-2
56.122,0.128,-4.683E-2
56.139,0.128,-4.573E-2
56.156,0.128,-4.464E-2
56.172,0.128,-4.357E-2
56.189,0.128,-4.288E-2
56.206,0.127,-4.217E-2
56.222,0.127,-4.177E-2
56.239,0.127,-4.157E-2
56.256,0.126,-4.163E-2
56.272,0.126,-4.172E-2
56.289,0.126,-4.226E-2
56.306,0.125,-4.277E-2
56.322,0.125,-4.356E-2
56.339,0.124,-4.458E-2
56.356,0.124,-4.553E-2
56.372,0.123,-4.641E-2
56.389,0.123,-4.752E-2
56.406,0.122,-4.844E-2
56.422,0.122,-4.926E-2
56.439,0.122,-4.991E-2
56.456,0.122,-5.037E-2
56.472,0.122,-5.078E-2
56.489,0.122,-5.077E-2
56.506,0.122,-5.066E-2
56.522,0.122,-5.034E-2
56.539,0.122,-4.986E-2
56.556,0.122,-4.919E-2
56.572,0.123,-4.848E-2
56.589,0.123,-4.763E-2
56.606,0.123,-4.667E-2
56.622,0.124,-4.565E-2
56.639,0.124,-4.490E-2
56.656,0.125,-4.402E-2
56.672,0.125,-4.346E-2
56.689,0.126,-4.302E-2
56.706,0.126,-4.258E-2
56.722,0.126,-4.239E-2
56.739,0.127,-4.250E-2
56.756,0.127,-4.258E-2
56.772,0.127,-4.303E-2
56.789,0.128,-4.365E-2
56.806,0.128,-4.424E-2
56.822,0.128,-4.511E-2
56.839,0.128,-4.600E-2
56.856,0.128,-4.697E-2
56.872,0.128,-4.784E-2
56.889,0.127,-4.868E-2
56.906,0.127,-4.954E-2
56.922,0.127,-5.008E-2
56.939,0.126,-5.050E-2
56.956,0.126,-5.092E-2
56.972,0.126,-5.103E-2
56.989,0.125,-5.071E-2
57.006,0.125,-5.043E-2
57.022,0.124,-4.993E-2
57.039,0.124,-4.906E-2
57.056,0.124,-4.822E-2
57.072,0.123,-4.720E-2
57.089,0.123,-4.612E-2
57.106,0.123,-4.524E-2
57.122,0.122,-4.417E-2
57.139,0.122,-4.342E-2
57.156,0.122,-4.262E-2
57.172,0.122,-4.208E-2
57.189,0.122,-4.169E-2
57.206,0.122,-4.141E-2
57.222,0.123,-4.149E-2
57.239,0.123,-4.168E-2
57.256,0.123,-4.215E-2
57.272,0.123,-4.273E-2
57.289,0.124,-4.349E-2
57.306,0.124,-4.430E-2
57.322,0.125,-4.538E-2
57.339,0.125,-4.643E-2
57.356,0.126,-4.750E-2
57.372,0.126,-4.850E-2
57.389,0.127,-4.954E-2
57.406,0.127,-5.037E-2
57.422,0.127,-5.102E-2
57.439,0.128,-5.154E-2
57.456,0.128,-5.177E-2
57.472,0.128,-5.173E-2
57.489,0.128,-5.149E-2
57.506,0.128,-5.102E-2
57.523,0.128,-5.026E-2
57.539,0.128,-4.942E-2
57.556,0.128,-4.835E-2
57.573,0.127,-4.742E-2
57.589,0.127,-4.619E-2
57.606,0.127,-4.512E-2
57.623,0.126,-4.400E-2
57.639,0.126,-4.317E-2
57.656,0.125,-4.234E-2
57.673,0.125,-4.173E-2
57.689,0.124,-4.129E-2
57.706,0.124,-4.122E-2
57.723,0.123,-4.130E-2
57.739,0.123,-4.133E-2
57.756,0.123,-4.195E-2
57.773,0.122,-4.249E-2
57.789,0.122,-4.327E-2
57.806,0.122,-4.419E-2
57.823,0.122,-4.504E-2
57.839,0.122,-4.605E-2
57.856,0.122,-4.717E-2
57.873,0.122,-4.824E-2
57.889,0.122,-4.912E-2
57.906,0.122,-4.995E-2
57.923,0.123,-5.067E-2
57.939,0.123,-5.116E-2
57.956,0.123,-5.141E-2
57.973,0.124,-5.155E-2
57.989,0.124,-5.135E-2
58.006,0.125,-5.090E-2
58.023,0.126,-5.025E-2
58.039,0.126,-4.952E-2
58.056,0.126,-4.860E-2
58.073,0.127,-4.771E-2
58.089,0.127,-4.674E-2
58.106,0.127,-4.570E-2
58.123,0.128,-4.476E-2
58.139,0.128,-4.396E-2
58.156,0.128,-4.328E-2
58.173,0.128,-4.277E-2
58.189,0.128,-4.234E-2
58.206,0.128,-4.225E-2
58.223,0.127,-4.229E-2
58.239,0.127,-4.246E-2
58.256,0.127,-4.301E-2
58.273,0.126,-4.355E-2
58.289,0.126,-4.433E-2
58.306,0.125,-4.518E-2
58.323,0.125,-4.608E-2
58.339,0.124,-4.693E-2
58.356,0.124,-4.796E-2
58.373,0.123,-4.875E-2
58.389,0.123,-4.940E-2
58.406,0.123,-5.009E-2
58.423,0.122,-5.042E-2
58.439,0.122,-5.075E-2
58.456,0.122,-5.076E-2
58.473,0.122,-5.056E-2
58.489,0.122,-5.012E-2
58.506,0.122,-4.964E-2
58.523,0.122,-4.896E-2
58.539,0.122,-4.811E-2
58.556,0.122,-4.730E-2
58.573,0.123,-4.650E-2
58.589,0.123,-4.554E-2
58.606,0.124,-4.481E-2
58.623,0.124,-4.416E-2
58.639,0.124,-4.351E-2
58.656,0.125,-4.307E-2
58.673,0.125,-4.281E-2
58.689,0.126,-4.271E-2
58.706,0.126,-4.289E-2
58.723,0.127,-4.305E-2
58.739,0.127,-4.357E-2
58.756,0.127,-4.410E-2
58.773,0.127,-4.481E-2
58.789,0.128,-4.565E-2
58.806,0.128,-4.649E-2
58.823,0.128,-4.731E-2
58.839,0.128,-4.829E-2
58.856,0.128,-4.893E-2
58.873,0.128,-4.956E-2
58.889,0.127,-5.015E-2
58.906,0.127,-5.058E-2
58.923,0.127,-5.078E-2
58.939,0.127,-5.074E-2
58.956,0.126,-5.058E-2
58.973,0.126,-5.027E-2
58.989,0.125,-4.957E-2
59.006,0.125,-4.895E-2
59.023,0.124,-4.799E-2
59.039,0.124,-4.715E-2
59.056,0.124,-4.615E-2
59.073,0.123,-4.510E-2
59.089,0.123,-4.419E-2
59.106,0.123,-4.330E-2
59.123,0.123,-4.272E-2
59.139,0.123,-4.230E-2
59.156,0.123,-4.183E-2
59.173,0.123,-4.159E-2
59.189,0.123,-4.165E-2
59.206,0.123,-4.182E-2
59.223,0.123,-4.217E-2
59.239,0.123,-4.278E-2
59.256,0.123,-4.361E-2
59.273,0.124,-4.446E-2
59.289,0.124,-4.544E-2
59.306,0.124,-4.654E-2
59.323,0.124,-4.760E-2
59.339,0.125,-4.864E-2
59.356,0.125,-4.960E-2
59.373,0.126,-5.043E-2
59.389,0.126,-5.107E-2
59.406,0.126,-5.151E-2
59.423,0.127,-5.159E-2
59.439,0.127,-5.152E-2
59.456,0.127,-5.118E-2
59.473,0.127,-5.079E-2
59.489,0.128,-5.008E-2
59.506,0.128,-4.935E-2
59.523,0.128,-4.839E-2
59.539,0.128,-4.734E-2
59.556,0.127,-4.640E-2
59.573,0.127,-4.540E-2
59.589,0.127,-4.438E-2
59.606,0.127,-4.350E-2
59.623,0.126,-4.295E-2
59.639,0.126,-4.228E-2
59.656,0.125,-4.196E-2
59.673,0.125,-4.172E-2
59.689,0.125,-4.175E-2
59.706,0.124,-4.207E-2
59.723,0.124,-4.237E-2
59.739,0.123,-4.300E-2
59.756,0.123,-4.365E-2
59.773,0.123,-4.467E-2
59.789,0.122,-4.557E-2
59.806,0.122,-4.656E-2
59.823,0.122,-4.760E-2
59.839,0.122,-4.847E-2
59.856,0.122,-4.929E-2
59.873,0.122,-5.003E-2
59.889,0.122,-5.053E-2
59.906,0.122,-5.096E-2
59.923,0.122,-5.118E-2
59.939,0.123,-5.116E-2
59.956,0.123,-5.097E-2
59.973,0.124,-5.047E-2
59.989,0.124,-4.996E-2
60.006,0.125,-4.922E-2
60.023,0.125,-4.831E-2
60.039,0.126,-4.746E-2
60.056,0.126,-4.655E-2
60.073,0.126,-4.574E-2
60.089,0.127,-4.480E-2
60.106,0.127,-4.406E-2
60.123,0.127,-4.342E-2
60.139,0.128,-4.291E-2
60.156,0.128,-4.262E-2
60.173,0.128,-4.253E-2
60.189,0.128,-4.259E-2
60.206,0.128,-4.279E-2
60.223,0.127,-4.326E-2
60.239,0.127,-4.390E-2
60.256,0.127,-4.459E-2
60.273,0.127,-4.538E-2
60.289,0.126,-4.626E-2
60.306,0.126,-4.714E-2
60.323,0.125,-4.798E-2
60.339,0.125,-4.870E-2
60.356,0.124,-4.933E-2
60.373,0.124,-4.994E-2
60.389,0.123,-5.012E-2
60.406,0.123,-5.046E-2
60.423,0.123,-5.038E-2
60.439,0.122,-5.015E-2
60.456,0.122,-4.982E-2
60.473,0.122,-4.928E-2
60.489,0.122,-4.856E-2
60.506,0.122,-4.785E-2
60.523,0.122,-4.707E-2
60.539,0.122,-4.627E-2
60.556,0.122,-4.544E-2
60.573,0.123,-4.465E-2
60.589,0.123,-4.409E-2
60.606,0.123,-4.348E-2
60.623,0.124,-4.319E-2
60.639,0.124,-4.278E-2
60.656,0.125,-4.276E-2
60.673,0.125,-4.297E-2
60.689,0.126,-4.325E-2
60.706,0.126,-4.376E-2
60.723,0.126,-4.440E-2
60.739,0.127,-4.511E-2
60.756,0.127,-4.595E-2
60.773,0.127,-4.671E-2
60.790,0.127,-4.756E-2
60.806,0.128,-4.838E-2
60.823,0.128,-4.915E-2
60.840,0.128,-4.971E-2
60.856,0.128,-5.030E-2
60.873,0.128,-5.058E-2
60.890,0.127,-5.062E-2
60.906,0.127,-5.058E-2
60.923,0.127,-5.029E-2
60.940,0.127,-4.993E-2
60.956,0.126,-4.940E-2
60.973,0.126,-4.855E-2
60.990,0.125,-4.786E-2
61.006,0.125,-4.711E-2
61.023,0.125,-4.617E-2
61.040,0.124,-4.532E-2
61.056,0.124,-4.436E-2
61.073,0.123,-4.362E-2
61.090,0.123,-4.293E-2
61.106,0.123,-4.239E-2
61.123,0.123,-4.206E-2
61.140,0.123,-4.184E-2
61.156,0.123,-4.190E-2
61.173,0.123,-4.212E-2
61.190,0.123,-4.250E-2
61.206,0.123,-4.314E-2
61.223,0.123,-4.375E-2
61.240,0.123,-4.479E-2
61.256,0.123,-4.573E-2
61.273,0.123,-4.666E-2
61.290,0.124,-4.778E-2
61.306,0.124,-4.876E-2
61.323,0.124,-4.960E-2
61.340,0.125,-5.046E-2
61.356,0.125,-5.093E-2
61.373,0.125,-5.141E-2
61.390,0.126,-5.158E-2
61.406,0.126,-5.137E-2
61.423,0.126,-5.110E-2
61.440,0.127,-5.062E-2
61.456,0.127,-4.993E-2
61.473,0.127,-4.908E-2
61.490,0.127,-4.824E-2
61.506,0.127,-4.732E-2
61.523,0.127,-4.637E-2
61.540,0.127,-4.538E-2
61.556,0.127,-4.447E-2
61.573,0.127,-4.372E-2
61.590,0.127,-4.315E-2
61.606,0.126,-4.262E-2
61.623,0.126,-4.231E-2
61.640,0.126,-4.213E-2
61.656,0.125,-4.230E-2
61.673,0.125,-4.245E-2
61.690,0.125,-4.299E-2
61.706,0.124,-4.346E-2
61.723,0.124,-4.408E-2
61.740,0.124,-4.503E-2
61.756,0.123,-4.585E-2
61.773,0.123,-4.668E-2
61.790,0.123,-4.766E-2
61.806,0.123,-4.846E-2
61.823,0.122,-4.916E-2
61.840,0.122,-4.988E-2
61.856,0.122,-5.037E-2
61.873,0.122,-5.072E-2
61.890,0.122,-5.090E-2
61.906,0.122,-5.082E-2
61.923,0.123,-5.045E-2
61.940,0.123,-5.020E-2
61.956,0.123,-4.949E-2
61.973,0.124,-4.881E-2
61.990,0.124,-4.809E-2
62.006,0.124,-4.732E-2
62.023,0.125,-4.646E-2
62.040,0.125,-4.559E-2
62.056,0.126,-4.482E-2
62.073,0.126,-4.409E-2
62.090,0.126,-4.361E-2
62.106,0.127,-4.316E-2
62.123,0.127,-4.295E-2
62.140,0.127,-4.287E-2
62.156,0.127,-4.291E-2
62.173,0.127,-4.319E-2
62.190,0.127,-4.369E-2
62.206,0.127,-4.426E-2
62.223,0.127,-4.490E-2
62.240,0.127,-4.559E-2
62.256,0.127,-4.641E-2
62.273,0.127,-4.729E-2
62.290,0.127,-4.803E-2
62.306,0.126,-4.866E-2
62.323,0.126,-4.927E-2
62.340,0.126,-4.960E-2
62.356,0.125,-4.991E-2
62.373,0.125,-4.997E-2
62.390,0.124,-4.992E-2
62.406,0.124,-4.968E-2
62.423,0.124,-4.917E-2
62.440,0.123,-4.865E-2
62.456,0.123,-4.789E-2
62.473,0.123,-4.718E-2
62.490,0.123,-4.651E-2
62.506,0.122,-4.584E-2
62.523,0.123,-4.503E-2
62.540,0.123,-4.446E-2
62.556,0.123,-4.390E-2
62.573,0.123,-4.340E-2
62.590,0.123,-4.298E-2
62.606,0.123,-4.288E-2
62.623,0.124,-4.293E-2
62.640,0.124,-4.307E-2
62.656,0.124,-4.338E-2
62.673,0.125,-4.388E-2
62.690,0.125,-4.449E-2
62.706,0.125,-4.518E-2
62.723,0.126,-4.600E-2
62.740,0.126,-4.683E-2
62.756,0.127,-4.765E-2
62.773,0.127,-4.842E-2
62.790,0.127,-4.914E-2
62.806,0.127,-4.974E-2
62.823,0.127,-5.032E-2
62.840,0.128,-5.044E-2
62.856,0.128,-5.052E-2
62.873,0.128,-5.042E-2
62.890,0.127,-5.018E-2
62.906,0.127,-4.977E-2
62.923,0.127,-4.914E-2
62.940,0.127,-4.835E-2
62.956,0.126,-4.766E-2
62.973,0.126,-4.677E-2
62.990,0.125,-4.580E-2
63.006,0.125,-4.500E-2
63.023,0.125,-4.415E-2
63.040,0.124,-4.351E-2
63.056,0.124,-4.295E-2
63.073,0.124,-4.261E-2
63.090,0.123,-4.226E-2
63.106,0.123,-4.215E-2
63.123,0.123,-4.218E-2
63.140,0.123,-4.255E-2
63.156,0.122,-4.284E-2
63.173,0.122,-4.359E-2
63.190,0.122,-4.424E-2
63.206,0.122,-4.514E-2
63.223,0.122,-4.594E-2
63.240,0.123,-4.694E-2
63.256,0.123,-4.781E-2
63.273,0.123,-4.873E-2
63.290,0.123,-4.954E-2
63.306,0.124,-5.022E-2
63.323,0.124,-5.068E-2
63.340,0.124,-5.107E-2
63.356,0.125,-5.109E-2
63.373,0.125,-5.100E-2
63.390,0.125,-5.073E-2
63.406,0.126,-5.028E-2
63.423,0.126,-4.960E-2
63.440,0.126,-4.881E-2
63.456,0.127,-4.787E-2
63.473,0.127,-4.695E-2
63.490,0.127,-4.593E-2
63.506,0.127,-4.504E-2
63.523,0.127,-4.432E-2
63.540,0.127,-4.360E-2
63.556,0.127,-4.300E-2
63.573,0.127,-4.256E-2
63.590,0.127,-4.236E-2
63.606,0.126,-4.226E-2
63.623,0.126,-4.247E-2
63.640,0.126,-4.266E-2
63.656,0.126,-4.309E-2
63.673,0.125,-4.380E-2
63.690,0.125,-4.440E-2
63.706,0.124,-4.509E-2
63.723,0.124,-4.592E-2
63.740,0.124,-4.669E-2
63.756,0.124,-4.764E-2
63.773,0.123,-4.840E-2
63.790,0.123,-4.912E-2
63.806,0.123,-4.965E-2
63.823,0.123,-5.011E-2
63.840,0.123,-5.030E-2
63.856,0.123,-5.034E-2
63.873,0.123,-5.026E-2
63.890,0.123,-5.005E-2
63.906,0.123,-4.962E-2
63.923,0.123,-4.897E-2
63.940,0.123,-4.831E-2
63.956,0.123,-4.764E-2
63.973,0.124,-4.681E-2
63.990,0.124,-4.615E-2
64.006,0.124,-4.542E-2
64.023,0.125,-4.465E-2
64.040,0.125,-4.412E-2
64.057,0.125,-4.359E-2
64.073,0.126,-4.328E-2
64.090,0.126,-4.314E-2
64.107,0.126,-4.306E-2
64.123,0.127,-4.321E-2
64.140,0.127,-4.361E-2
64.157,0.127,-4.405E-2
64.173,0.127,-4.468E-2
64.190,0.127,-4.527E-2
64.207,0.127,-4.603E-2
64.223,0.127,-4.679E-2
64.240,0.127,-4.753E-2
64.257,0.127,-4.832E-2
64.273,0.127,-4.912E-2
64.290,0.127,-4.962E-2
64.307,0.126,-4.991E-2
64.323,0.126,-5.013E-2
64.340,0.126,-5.016E-2
64.357,0.125,-4.996E-2
64.373,0.125,-4.972E-2
64.390,0.125,-4.910E-2
64.407,0.124,-4.847E-2
64.423,0.124,-4.781E-2
64.440,0.124,-4.713E-2
64.457,0.124,-4.626E-2
64.473,0.123,-4.558E-2
64.490,0.123,-4.490E-2
64.507,0.123,-4.433E-2
64.523,0.123,-4.377E-2
64.540,0.123,-4.343E-2
64.557,0.123,-4.318E-2
64.573,0.123,-4.303E-2
64.590,0.123,-4.310E-2
64.607,0.123,-4.331E-2
64.623,0.123,-4.378E-2
64.640,0.124,-4.425E-2
64.657,0.124,-4.494E-2
64.673,0.124,-4.556E-2
64.690,0.124,-4.632E-2
64.707,0.125,-4.720E-2
64.723,0.125,-4.789E-2
64.740,0.126,-4.863E-2
64.757,0.126,-4.927E-2
64.773,0.126,-4.970E-2
64.790,0.127,-5.011E-2
64.807,0.127,-5.038E-2
64.823,0.127,-5.045E-2
64.840,0.127,-5.031E-2
64.857,0.127,-5.006E-2
64.873,0.127,-4.955E-2
64.890,0.127,-4.885E-2
64.907,0.127,-4.826E-2
64.923,0.127,-4.735E-2
64.940,0.127,-4.653E-2
64.957,0.126,-4.570E-2
64.973,0.126,-4.477E-2
64.990,0.126,-4.413E-2
65.007,0.125,-4.346E-2
65.023,0.125,-4.303E-2
65.040,0.125,-4.256E-2
65.057,0.124,-4.233E-2
65.073,0.124,-4.241E-2
65.090,0.124,-4.241E-2
65.107,0.123,-4.270E-2
65.123,0.123,-4.311E-2
65.140,0.123,-4.377E-2
65.157,0.123,-4.453E-2
65.173,0.122,-4.540E-2
65.190,0.122,-4.611E-2
65.207,0.122,-4.705E-2
65.223,0.122,-4.805E-2
65.240,0.122,-4.887E-2
65.257,0.123,-4.957E-2
65.273,0.123,-5.024E-2
65.290,0.123,-5.065E-2
65.307,0.123,-5.099E-2
65.323,0.124,-5.097E-2
65.340,0.124,-5.085E-2
65.357,0.124,-5.058E-2
65.373,0.125,-5.001E-2
65.390,0.125,-4.937E-2
65.407,0.125,-4.851E-2
65.423,0.126,-4.769E-2
65.440,0.126,-4.679E-2
65.457,0.126,-4.595E-2
65.473,0.127,-4.499E-2
65.490,0.127,-4.425E-2
65.507,0.127,-4.375E-2
65.523,0.127,-4.324E-2
65.540,0.127,-4.292E-2
65.557,0.127,-4.265E-2
65.573,0.127,-4.251E-2
65.590,0.127,-4.283E-2
65.607,0.126,-4.313E-2
65.623,0.126,-4.368E-2
65.640,0.126,-4.429E-2
65.657,0.126,-4.473E-2
65.673,0.125,-4.545E-2
65.690,0.125,-4.630E-2
